,x,y
0,0.0,0.0
1,0.0020615315517628565,0.0
2,0.004123063103525713,0.0
3,0.00618459465528857,0.0
4,0.008246126207051426,0.0
5,0.010307657758814282,0.0
6,0.01236918931057714,0.0
7,0.014430720862339996,0.0
8,0.01649225241410285,0.0
9,0.018553783965865708,3.0000000000000004e-05
10,0.020615315517628564,3.0000000000000004e-05
11,0.02267684706939142,3.0000000000000004e-05
12,0.02473837862115428,3.0000000000000004e-05
13,0.026799910172917135,3.0000000000000004e-05
14,0.02886144172467999,3.0000000000000004e-05
15,0.030922973276442847,6.000000000000001e-05
16,0.0329845048282057,6.000000000000001e-05
17,0.03504603637996856,6.000000000000001e-05
18,0.037107567931731415,6.000000000000001e-05
19,0.03916909948349427,9e-05
20,0.04123063103525713,9e-05
21,0.04329216258701998,9e-05
22,0.04535369413878284,9e-05
23,0.047415225690545695,0.00012000000000000002
24,0.04947675724230856,0.00012000000000000002
25,0.051538288794071414,0.00012000000000000002
26,0.05359982034583427,0.00015000000000000001
27,0.055661351897597126,0.00015000000000000001
28,0.05772288344935998,0.00018
29,0.05978441500112284,0.00018
30,0.061845946552885694,0.00018
31,0.06390747810464854,0.00020999999999999998
32,0.0659690096564114,0.00020999999999999998
33,0.06803054120817427,0.00024000000000000003
34,0.07009207275993712,0.00024000000000000003
35,0.07215360431169998,0.00027
36,0.07421513586346283,0.00027
37,0.0762766674152257,0.00030000000000000003
38,0.07833819896698854,0.00030000000000000003
39,0.0803997305187514,0.00033
40,0.08246126207051425,0.00033
41,0.08452279362227712,0.00037000000000000005
42,0.08658432517403997,0.00039
43,0.08864585672580283,0.00039999999999999996
44,0.09070738827756568,0.00043
45,0.09276891982932854,0.00043
46,0.09483045138109139,0.00046
47,0.09689198293285425,0.0004900000000000001
48,0.09895351448461712,0.0004900000000000001
49,0.10101504603637997,0.0005200000000000001
50,0.10307657758814283,0.00055
51,0.10513810913990568,0.0005700000000000001
52,0.10719964069166854,0.00058
53,0.10926117224343139,0.0006100000000000001
54,0.11132270379519425,0.00064
55,0.1133842353469571,0.00067
56,0.11544576689871996,0.00067
57,0.11750729845048281,0.0007000000000000001
58,0.11956883000224568,0.0007300000000000001
59,0.12163036155400853,0.00076
60,0.12369189310577139,0.0007899999999999999
61,0.12575342465753425,0.00082
62,0.1278149562092971,0.00082
63,0.12987648776105995,0.00085
64,0.1319380193128228,0.00088
65,0.13399955086458568,0.00091
66,0.13606108241634854,0.0009400000000000001
67,0.13812261396811137,0.0009700000000000002
68,0.14018414551987424,0.001
69,0.1422456770716371,0.00103
70,0.14430720862339996,0.00107
71,0.1463687401751628,0.0011
72,0.14843027172692566,0.00113
73,0.15049180327868852,0.00116
74,0.1525533348304514,0.00119
75,0.15461486638221422,0.0012200000000000002
76,0.15667639793397709,0.00126
77,0.15873792948573995,0.0012900000000000001
78,0.1607994610375028,0.00133
79,0.16286099258926565,0.00136
80,0.1649225241410285,0.0013900000000000002
81,0.16698405569279137,0.00142
82,0.16904558724455424,0.0014600000000000001
83,0.1711071187963171,0.0015
84,0.17316865034807993,0.0015400000000000001
85,0.1752301818998428,0.0015700000000000002
86,0.17729171345160566,0.0015999999999999999
87,0.17935324500336852,0.00164
88,0.18141477655513136,0.0016899999999999999
89,0.18347630810689422,0.00172
90,0.18553783965865708,0.00175
91,0.18759937121041995,0.00181
92,0.18966090276218278,0.00185
93,0.19172243431394564,0.0018800000000000002
94,0.1937839658657085,0.0019300000000000003
95,0.19584549741747137,0.00196
96,0.19790702896923423,0.00201
97,0.19996856052099707,0.00205
98,0.20203009207275993,0.0020800000000000003
99,0.2040916236245228,0.00214
100,0.20615315517628566,0.00217
101,0.2082146867280485,0.00222
102,0.21027621827981136,0.0022600000000000003
103,0.21233774983157422,0.00231
104,0.21439928138333708,0.00234
105,0.21646081293509992,0.0024000000000000002
106,0.21852234448686278,0.00243
107,0.22058387603862564,0.00248
108,0.2226454075903885,0.00253
109,0.22470693914215134,0.0025800000000000003
110,0.2267684706939142,0.0026300000000000004
111,0.22883000224567707,0.0026699999999999996
112,0.23089153379743993,0.00273
113,0.2329530653492028,0.00277
114,0.23501459690096563,0.00282
115,0.2370761284527285,0.00287
116,0.23913766000449135,0.0029100000000000003
117,0.24119919155625422,0.00296
118,0.24326072310801705,0.00301
119,0.24532225465977991,0.0030700000000000002
120,0.24738378621154278,0.0031200000000000004
121,0.24944531776330564,0.0031600000000000005
122,0.2515068493150685,0.0032300000000000007
123,0.25356838086683137,0.0032800000000000004
124,0.2556299124185942,0.00334
125,0.25769144397035704,0.00337
126,0.2597529755221199,0.0034300000000000003
127,0.26181450707388276,0.00348
128,0.2638760386256456,0.00354
129,0.2659375701774085,0.0036000000000000003
130,0.26799910172917135,0.00365
131,0.2700606332809342,0.00371
132,0.2721221648326971,0.0037600000000000008
133,0.2741836963844599,0.00382
134,0.27624522793622275,0.0038799999999999998
135,0.2783067594879856,0.00392
136,0.2803682910397485,0.00399
137,0.28242982259151134,0.00404
138,0.2844913541432742,0.0041
139,0.28655288569503706,0.00416
140,0.2886144172467999,0.00422
141,0.29067594879856273,0.00428
142,0.2927374803503256,0.00434
143,0.29479901190208846,0.004390000000000001
144,0.2968605434538513,0.00445
145,0.2989220750056142,0.00451
146,0.30098360655737705,0.00458
147,0.3030451381091399,0.0046300000000000004
148,0.3051066696609028,0.0047
149,0.30716820121266564,0.0047599999999999995
150,0.30922973276442844,0.00482
151,0.3112912643161913,0.004889999999999999
152,0.31335279586795417,0.00495
153,0.31541432741971703,0.00501
154,0.3174758589714799,0.00507
155,0.31953739052324276,0.00514
156,0.3215989220750056,0.0052
157,0.3236604536267685,0.00525
158,0.3257219851785313,0.00533
159,0.32778351673029416,0.00539
160,0.329845048282057,0.00547
161,0.3319065798338199,0.00554
162,0.33396811138558274,0.00559
163,0.3360296429373456,0.00566
164,0.33809117448910847,0.005730000000000001
165,0.34015270604087133,0.0058000000000000005
166,0.3422142375926342,0.00585
167,0.344275769144397,0.005930000000000001
168,0.34633730069615987,0.0059900000000000005
169,0.34839883224792273,0.00607
170,0.3504603637996856,0.0061200000000000004
171,0.35252189535144846,0.006209999999999999
172,0.3545834269032113,0.0062699999999999995
173,0.3566449584549742,0.00635
174,0.35870649000673704,0.00642
175,0.36076802155849985,0.00648
176,0.3628295531102627,0.006549999999999999
177,0.3648910846620256,0.006619999999999999
178,0.36695261621378844,0.00669
179,0.3690141477655513,0.00677
180,0.37107567931731417,0.006829999999999999
181,0.37313721086907703,0.0069
182,0.3751987424208399,0.0069900000000000006
183,0.37726027397260276,0.00706
184,0.37932180552436556,0.00713
185,0.3813833370761284,0.00721
186,0.3834448686278913,0.00727
187,0.38550640017965415,0.007350000000000001
188,0.387567931731417,0.00743
189,0.3896294632831799,0.007500000000000001
190,0.39169099483494274,0.00757
191,0.3937525263867056,0.00764
192,0.39581405793846847,0.00773
193,0.3978755894902313,0.0078
194,0.39993712104199414,0.00788
195,0.401998652593757,0.00796
196,0.40406018414551986,0.00803
197,0.4061217156972827,0.008100000000000001
198,0.4081832472490456,0.008180000000000002
199,0.41024477880080845,0.008260000000000002
200,0.4123063103525713,0.008340000000000002
201,0.4143678419043341,0.00842
202,0.416429373456097,0.0085
203,0.41849090500785985,0.00858
204,0.4205524365596227,0.00865
205,0.4226139681113856,0.00873
206,0.42467549966314844,0.00881
207,0.4267370312149113,0.00888
208,0.42879856276667416,0.00897
209,0.430860094318437,0.00905
210,0.43292162587019983,0.009130000000000001
211,0.4349831574219627,0.009210000000000001
212,0.43704468897372556,0.00929
213,0.4391062205254884,0.00937
214,0.4411677520772513,0.00946
215,0.44322928362901415,0.00954
216,0.445290815180777,0.00962
217,0.4473523467325399,0.0097
218,0.4494138782843027,0.00978
219,0.45147540983606554,0.009859999999999999
220,0.4535369413878284,0.009949999999999999
221,0.45559847293959127,0.010029999999999999
222,0.45766000449135413,0.010119999999999999
223,0.459721536043117,0.010209999999999999
224,0.46178306759487986,0.010289999999999999
225,0.4638445991466427,0.010369999999999999
226,0.4659061306984056,0.01045
227,0.4679676622501684,0.01053
228,0.47002919380193126,0.010629999999999999
229,0.4720907253536941,0.010709999999999999
230,0.474152256905457,0.0108
231,0.47621378845721984,0.01088
232,0.4782753200089827,0.01097
233,0.48033685156074557,0.01106
234,0.48239838311250843,0.01114
235,0.48445991466427124,0.01122
236,0.4865214462160341,0.01131
237,0.48858297776779697,0.01141
238,0.49064450931955983,0.01148
239,0.4927060408713227,0.01157
240,0.49476757242308556,0.01168
241,0.4968291039748484,0.01175
242,0.4988906355266113,0.01184
243,0.5009521670783741,0.01194
244,0.503013698630137,0.012020000000000001
245,0.5050752301818998,0.0121
246,0.5071367617336627,0.0122
247,0.5091982932854255,0.01229
248,0.5112598248371883,0.012360000000000001
249,0.5133213563889513,0.012469999999999998
250,0.5153828879407141,0.012559999999999998
251,0.517444419492477,0.01265
252,0.5195059510442398,0.012740000000000001
253,0.5215674825960027,0.01284
254,0.5236290141477655,0.012920000000000001
255,0.5256905456995284,0.013
256,0.5277520772512913,0.0131
257,0.5298136088030541,0.01318
258,0.531875140354817,0.01329
259,0.5339366719065798,0.01338
260,0.5359982034583427,0.01347
261,0.5380597350101055,0.013569999999999999
262,0.5401212665618684,0.013659999999999999
263,0.5421827981136312,0.013749999999999998
264,0.5442443296653942,0.013839999999999998
265,0.546305861217157,0.013930000000000001
266,0.5483673927689198,0.014019999999999998
267,0.5504289243206827,0.01413
268,0.5524904558724455,0.01422
269,0.5545519874242084,0.01432
270,0.5566135189759712,0.01441
271,0.5586750505277341,0.014499999999999999
272,0.560736582079497,0.014599999999999998
273,0.5627981136312599,0.014690000000000002
274,0.5648596451830227,0.014789999999999998
275,0.5669211767347855,0.014890000000000002
276,0.5689827082865484,0.014990000000000002
277,0.5710442398383112,0.015070000000000002
278,0.5731057713900741,0.01518
279,0.5751673029418369,0.01528
280,0.5772288344935999,0.01536
281,0.5792903660453627,0.01546
282,0.5813518975971255,0.01556
283,0.5834134291488884,0.01566
284,0.5854749607006512,0.015759999999999996
285,0.5875364922524141,0.01586
286,0.5895980238041769,0.01595
287,0.5916595553559398,0.016059999999999998
288,0.5937210869077026,0.016139999999999998
289,0.5957826184594656,0.016249999999999997
290,0.5978441500112284,0.016339999999999997
291,0.5999056815629912,0.01645
292,0.6019672131147541,0.01654
293,0.6040287446665169,0.01665
294,0.6060902762182798,0.01674
295,0.6081518077700426,0.01685
296,0.6102133393218055,0.01694
297,0.6122748708735684,0.01705
298,0.6143364024253313,0.01714
299,0.6163979339770941,0.017230000000000002
300,0.6184594655288569,0.01734
301,0.6205209970806198,0.01743
302,0.6225825286323826,0.017550000000000003
303,0.6246440601841455,0.01765
304,0.6267055917359083,0.017750000000000002
305,0.6287671232876713,0.01785
306,0.6308286548394341,0.01795
307,0.632890186391197,0.01806
308,0.6349517179429598,0.01815
309,0.6370132494947226,0.018260000000000002
310,0.6390747810464855,0.01836
311,0.6411363125982483,0.01846
312,0.6431978441500112,0.01856
313,0.645259375701774,0.01866
314,0.647320907253537,0.018760000000000002
315,0.6493824388052998,0.01887
316,0.6514439703570626,0.01897
317,0.6535055019088255,0.01908
318,0.6555670334605883,0.01918
319,0.6576285650123512,0.019280000000000002
320,0.659690096564114,0.0194
321,0.661751628115877,0.0195
322,0.6638131596676398,0.0196
323,0.6658746912194027,0.019710000000000002
324,0.6679362227711655,0.01982
325,0.6699977543229283,0.01992
326,0.6720592858746912,0.020020000000000003
327,0.674120817426454,0.020130000000000002
328,0.6761823489782169,0.020229999999999998
329,0.6782438805299797,0.02034
330,0.6803054120817427,0.02045
331,0.6823669436335055,0.020550000000000002
332,0.6844284751852684,0.020649999999999998
333,0.6864900067370312,0.02076
334,0.688551538288794,0.020870000000000003
335,0.6906130698405569,0.02098
336,0.6926746013923197,0.021079999999999998
337,0.6947361329440827,0.02119
338,0.6967976644958455,0.02131
339,0.6988591960476084,0.02141
340,0.7009207275993712,0.02151
341,0.7029822591511341,0.021609999999999997
342,0.7050437907028969,0.021740000000000002
343,0.7071053222546597,0.02184
344,0.7091668538064226,0.02194
345,0.7112283853581854,0.02205
346,0.7132899169099484,0.02215
347,0.7153514484617112,0.022279999999999998
348,0.7174129800134741,0.02239
349,0.7194745115652369,0.02249
350,0.7215360431169997,0.0226
351,0.7235975746687626,0.0227
352,0.7256591062205254,0.022819999999999997
353,0.7277206377722883,0.02293
354,0.7297821693240512,0.02304
355,0.7318437008758141,0.023139999999999997
356,0.7339052324275769,0.02326
357,0.7359667639793398,0.023370000000000002
358,0.7380282955311026,0.023489999999999997
359,0.7400898270828654,0.02359
360,0.7421513586346283,0.0237
361,0.7442128901863911,0.02382
362,0.7462744217381541,0.023919999999999997
363,0.7483359532899169,0.02403
364,0.7503974848416798,0.02414
365,0.7524590163934426,0.02427
366,0.7545205479452055,0.024380000000000002
367,0.7565820794969683,0.024490000000000005
368,0.7586436110487311,0.024600000000000004
369,0.760705142600494,0.024710000000000003
370,0.7627666741522569,0.024820000000000002
371,0.7648282057040198,0.02493
372,0.7668897372557826,0.025040000000000003
373,0.7689512688075455,0.025150000000000002
374,0.7710128003593083,0.02528
375,0.7730743319110712,0.025400000000000002
376,0.775135863462834,0.02551
377,0.7771973950145968,0.02562
378,0.7792589265663598,0.025740000000000002
379,0.7813204581181226,0.02584
380,0.7833819896698855,0.025950000000000004
381,0.7854435212216483,0.02607
382,0.7875050527734112,0.02618
383,0.789566584325174,0.026290000000000004
384,0.7916281158769369,0.02642
385,0.7936896474286997,0.02653
386,0.7957511789804625,0.026640000000000004
387,0.7978127105322255,0.02676
388,0.7998742420839883,0.02687
389,0.8019357736357512,0.02699
390,0.803997305187514,0.027110000000000002
391,0.8060588367392769,0.02723
392,0.8081203682910397,0.02735
393,0.8101818998428025,0.02746
394,0.8122434313945655,0.027580000000000004
395,0.8143049629463283,0.0277
396,0.8163664944980912,0.027809999999999998
397,0.818428026049854,0.02794
398,0.8204895576016169,0.02805
399,0.8225510891533797,0.02816
400,0.8246126207051426,0.028279999999999996
401,0.8266741522569054,0.028390000000000002
402,0.8287356838086682,0.02852
403,0.8307972153604312,0.02863
404,0.832858746912194,0.028749999999999998
405,0.8349202784639569,0.028880000000000003
406,0.8369818100157197,0.02899
407,0.8390433415674826,0.02911
408,0.8411048731192454,0.02923
409,0.8431664046710083,0.029339999999999998
410,0.8452279362227711,0.02946
411,0.847289467774534,0.029580000000000002
412,0.8493509993262969,0.029699999999999997
413,0.8514125308780597,0.02982
414,0.8534740624298226,0.02995
415,0.8555355939815854,0.03007
416,0.8575971255333483,0.03017
417,0.8596586570851111,0.030299999999999997
418,0.861720188636874,0.03041
419,0.8637817201886369,0.030539999999999998
420,0.8658432517403997,0.03065
421,0.8679047832921626,0.03078
422,0.8699663148439254,0.0309
423,0.8720278463956883,0.03102
424,0.8740893779474511,0.031139999999999998
425,0.876150909499214,0.031259999999999996
426,0.8782124410509768,0.03139
427,0.8802739726027397,0.031509999999999996
428,0.8823355041545026,0.031630000000000005
429,0.8843970357062654,0.03175
430,0.8864585672580283,0.03188
431,0.8885200988097911,0.032
432,0.890581630361554,0.032119999999999996
433,0.8926431619133168,0.032240000000000005
434,0.8947046934650797,0.032369999999999996
435,0.8967662250168426,0.032490000000000005
436,0.8988277565686054,0.0326
437,0.9008892881203683,0.03273
438,0.9029508196721311,0.032850000000000004
439,0.905012351223894,0.03298
440,0.9070738827756568,0.033100000000000004
441,0.9091354143274197,0.03323
442,0.9111969458791825,0.03335
443,0.9132584774309455,0.03348
444,0.9153200089827083,0.0336
445,0.9173815405344711,0.03372
446,0.919443072086234,0.03385
447,0.9215046036379968,0.03396999999999999
448,0.9235661351897597,0.03409
449,0.9256276667415225,0.03422
450,0.9276891982932854,0.03434
451,0.9297507298450483,0.034480000000000004
452,0.9318122613968112,0.0346
453,0.933873792948574,0.034719999999999994
454,0.9359353245003368,0.03485
455,0.9379968560520997,0.03497
456,0.9400583876038625,0.0351
457,0.9421199191556254,0.035219999999999994
458,0.9441814507073882,0.03535
459,0.9462429822591512,0.03547
460,0.948304513810914,0.03561
461,0.9503660453626768,0.03573
462,0.9524275769144397,0.03586
463,0.9544891084662025,0.03598
464,0.9565506400179654,0.03612
465,0.9586121715697282,0.03624
466,0.9606737031214911,0.03637
467,0.962735234673254,0.03649
468,0.9647967662250169,0.03662
469,0.9668582977767797,0.03674
470,0.9689198293285425,0.036879999999999996
471,0.9709813608803054,0.03701
472,0.9730428924320682,0.037129999999999996
473,0.9751044239838311,0.03726
474,0.9771659555355939,0.03739
475,0.9792274870873569,0.03752
476,0.9812890186391197,0.03765
477,0.9833505501908826,0.03777
478,0.9854120817426454,0.0379
479,0.9874736132944082,0.038029999999999994
480,0.9895351448461711,0.03816
481,0.9915966763979339,0.03829
482,0.9936582079496968,0.03843
483,0.9957197395014596,0.038560000000000004
484,0.9977812710532226,0.03869
485,0.9998428026049854,0.03882
486,1.0019043341567482,0.03894
487,1.003965865708511,0.039080000000000004
488,1.006027397260274,0.0392
489,1.0080889288120367,0.03933
490,1.0101504603637996,0.03946
491,1.0122119919155625,0.03959
492,1.0142735234673255,0.03973
493,1.0163350550190882,0.039850000000000003
494,1.018396586570851,0.039990000000000005
495,1.020458118122614,0.040119999999999996
496,1.0225196496743767,0.04026
497,1.0245811812261396,0.04037999999999999
498,1.0266427127779025,0.040519999999999994
499,1.0287042443296655,0.04065
500,1.0307657758814281,0.04078
501,1.032827307433191,0.04091999999999999
502,1.034888838984954,0.04104
503,1.036950370536717,0.04118
504,1.0390119020884796,0.041299999999999996
505,1.0410734336402425,0.04144
506,1.0431349651920054,0.041569999999999996
507,1.0451964967437681,0.041699999999999994
508,1.047258028295531,0.041839999999999995
509,1.049319559847294,0.04198
510,1.0513810913990569,0.042120000000000005
511,1.0534426229508196,0.042249999999999996
512,1.0555041545025825,0.04239
513,1.0575656860543454,0.04251
514,1.0596272176061081,0.04264
515,1.061688749157871,0.04278
516,1.063750280709634,0.042910000000000004
517,1.0658118122613969,0.04305
518,1.0678733438131596,0.043179999999999996
519,1.0699348753649225,0.04332
520,1.0719964069166854,0.04345
521,1.074057938468448,0.04358
522,1.076119470020211,0.04371
523,1.078181001571974,0.04385
524,1.0802425331237369,0.044000000000000004
525,1.0823040646754996,0.04413
526,1.0843655962272625,0.04426
527,1.0864271277790254,0.0444
528,1.0884886593307883,0.04453000000000001
529,1.090550190882551,0.044680000000000004
530,1.092611722434314,0.04481000000000001
531,1.0946732539860768,0.04494000000000001
532,1.0967347855378395,0.04508
533,1.0987963170896025,0.04521000000000001
534,1.1008578486413654,0.04534
535,1.1029193801931283,0.04548
536,1.104980911744891,0.04562
537,1.107042443296654,0.04576
538,1.1091039748484168,0.04591
539,1.1111655064001795,0.04604
540,1.1132270379519424,0.04617999999999999
541,1.1152885695037054,0.04631999999999999
542,1.1173501010554683,0.04645
543,1.119411632607231,0.046599999999999996
544,1.121473164158994,0.04672
545,1.1235346957107568,0.04686
546,1.1255962272625197,0.04699999999999999
547,1.1276577588142824,0.047139999999999994
548,1.1297192903660453,0.047279999999999996
549,1.1317808219178083,0.04742
550,1.133842353469571,0.047549999999999995
551,1.1359038850213339,0.0477
552,1.1379654165730968,0.04783
553,1.1400269481248597,0.04797
554,1.1420884796766224,0.04813
555,1.1441500112283853,0.04826
556,1.1462115427801483,0.0484
557,1.148273074331911,0.04852
558,1.1503346058836739,0.04867
559,1.1523961374354368,0.048810000000000006
560,1.1544576689871997,0.04894
561,1.1565192005389624,0.04909
562,1.1585807320907253,0.04923
563,1.1606422636424882,0.049370000000000004
564,1.162703795194251,0.04951
565,1.1647653267460139,0.04965
566,1.1668268582977768,0.04979
567,1.1688883898495397,0.04993
568,1.1709499214013024,0.05008
569,1.1730114529530653,0.050210000000000005
570,1.1750729845048282,0.050350000000000006
571,1.1771345160565911,0.0505
572,1.1791960476083538,0.05065
573,1.1812575791601168,0.05079
574,1.1833191107118797,0.050929999999999996
575,1.1853806422636424,0.05107
576,1.1874421738154053,0.05120999999999999
577,1.1895037053671682,0.05134999999999999
578,1.1915652369189311,0.051489999999999994
579,1.1936267684706938,0.051629999999999995
580,1.1956883000224567,0.05177
581,1.1977498315742197,0.05191
582,1.1998113631259824,0.05205
583,1.2018728946777453,0.05221
584,1.2039344262295082,0.052349999999999994
585,1.205995957781271,0.05249
586,1.2080574893330338,0.052629999999999996
587,1.2101190208847967,0.05278
588,1.2121805524365596,0.052919999999999995
589,1.2142420839883223,0.053059999999999996
590,1.2163036155400853,0.0532
591,1.2183651470918482,0.05335
592,1.220426678643611,0.0535
593,1.2224882101953738,0.053649999999999996
594,1.2245497417471367,0.05379
595,1.2266112732988996,0.05393
596,1.2286728048506625,0.05407
597,1.2307343364024252,0.05422
598,1.2327958679541882,0.05437
599,1.234857399505951,0.05451
600,1.2369189310577138,0.05465
601,1.2389804626094767,0.05479
602,1.2410419941612396,0.05494
603,1.2431035257130025,0.05509
604,1.2451650572647652,0.05523
605,1.2472265888165281,0.055380000000000006
606,1.249288120368291,0.05552
607,1.2513496519200538,0.05566
608,1.2534111834718167,0.055810000000000005
609,1.2554727150235796,0.05596
610,1.2575342465753425,0.05611
611,1.2595957781271052,0.05626
612,1.2616573096788681,0.056409999999999995
613,1.263718841230631,0.056549999999999996
614,1.265780372782394,0.05669
615,1.2678419043341567,0.056839999999999995
616,1.2699034358859196,0.056979999999999996
617,1.2719649674376825,0.05714
618,1.2740264989894452,0.05728
619,1.2760880305412081,0.05743
620,1.278149562092971,0.05758
621,1.280211093644734,0.05772
622,1.2822726251964967,0.05787
623,1.2843341567482596,0.05801
624,1.2863956883000225,0.058159999999999996
625,1.2884572198517852,0.058309999999999994
626,1.290518751403548,0.05846
627,1.292580282955311,0.05861
628,1.294641814507074,0.05876
629,1.2967033460588366,0.05891
630,1.2987648776105996,0.059059999999999994
631,1.3008264091623625,0.059199999999999996
632,1.3028879407141252,0.05934999999999999
633,1.304949472265888,0.05951
634,1.307011003817651,0.059660000000000005
635,1.309072535369414,0.059800000000000006
636,1.3111340669211766,0.05995
637,1.3131955984729395,0.0601
638,1.3152571300247025,0.06025
639,1.3173186615764654,0.0604
640,1.319380193128228,0.060540000000000004
641,1.321441724679991,0.060689999999999994
642,1.323503256231754,0.06085
643,1.3255647877835166,0.061000000000000006
644,1.3276263193352795,0.061149999999999996
645,1.3296878508870424,0.06130000000000001
646,1.3317493824388054,0.06145
647,1.333810913990568,0.0616
648,1.335872445542331,0.06174
649,1.337933977094094,0.06189
650,1.3399955086458566,0.06204
651,1.3420570401976195,0.06219
652,1.3441185717493824,0.06234
653,1.3461801033011453,0.0625
654,1.348241634852908,0.06265
655,1.350303166404671,0.0628
656,1.3523646979564339,0.06295
657,1.3544262295081968,0.0631
658,1.3564877610599595,0.06326999999999999
659,1.3585492926117224,0.06341999999999999
660,1.3606108241634853,0.06357
661,1.362672355715248,0.06373
662,1.364733887267011,0.06388
663,1.3667954188187739,0.06402999999999999
664,1.3688569503705368,0.06418
665,1.3709184819222995,0.06432999999999998
666,1.3729800134740624,0.06447
667,1.3750415450258253,0.06462999999999999
668,1.377103076577588,0.06477999999999999
669,1.379164608129351,0.06494
670,1.3812261396811139,0.06509
671,1.3832876712328768,0.06524999999999999
672,1.3853492027846395,0.0654
673,1.3874107343364024,0.06555
674,1.3894722658881653,0.0657
675,1.391533797439928,0.06585999999999999
676,1.393595328991691,0.06602
677,1.3956568605434538,0.06616
678,1.3977183920952168,0.06631999999999999
679,1.3997799236469795,0.06647
680,1.4018414551987424,0.06662
681,1.4039029867505053,0.06677999999999999
682,1.4059645183022682,0.06693999999999999
683,1.408026049854031,0.06709
684,1.4100875814057938,0.06724999999999999
685,1.4121491129575567,0.06738999999999999
686,1.4142106445093194,0.06755
687,1.4162721760610824,0.06772
688,1.4183337076128453,0.06787
689,1.4203952391646082,0.06803000000000001
690,1.4224567707163709,0.06818
691,1.4245183022681338,0.06833000000000002
692,1.4265798338198967,0.06849000000000001
693,1.4286413653716594,0.06865
694,1.4307028969234223,0.0688
695,1.4327644284751853,0.06896000000000001
696,1.4348259600269482,0.06912
697,1.4368874915787109,0.06927000000000001
698,1.4389490231304738,0.06943
699,1.4410105546822367,0.06958000000000002
700,1.4430720862339994,0.06974000000000001
701,1.4451336177857623,0.0699
702,1.4471951493375252,0.07005000000000002
703,1.4492566808892882,0.07021000000000001
704,1.4513182124410509,0.07036
705,1.4533797439928138,0.07052
706,1.4554412755445767,0.07068
707,1.4575028070963396,0.07083
708,1.4595643386481023,0.07099000000000001
709,1.4616258701998652,0.07115
710,1.4636874017516281,0.07132000000000001
711,1.4657489333033908,0.07146000000000001
712,1.4678104648551538,0.07162
713,1.4698719964069167,0.07178000000000001
714,1.4719335279586796,0.07195
715,1.4739950595104423,0.07209
716,1.4760565910622052,0.07225
717,1.4781181226139681,0.07241000000000002
718,1.4801796541657308,0.07257000000000001
719,1.4822411857174937,0.07274
720,1.4843027172692567,0.07289999999999999
721,1.4863642488210196,0.07305
722,1.4884257803727823,0.07321
723,1.4904873119245452,0.07337
724,1.4925488434763081,0.07353000000000001
725,1.494610375028071,0.0737
726,1.4966719065798337,0.07385
727,1.4987334381315967,0.07400999999999999
728,1.5007949696833596,0.07418
729,1.5028565012351223,0.07433000000000001
730,1.5049180327868852,0.07449
731,1.506979564338648,0.07465
732,1.509041095890411,0.07481
733,1.5111026274421737,0.07497000000000001
734,1.5131641589939366,0.07513
735,1.5152256905456996,0.07529
736,1.5172872220974623,0.07545
737,1.5193487536492252,0.07561000000000001
738,1.521410285200988,0.07577
739,1.523471816752751,0.07593
740,1.5255333483045137,0.07608999999999999
741,1.5275948798562766,0.07625
742,1.5296564114080395,0.07641
743,1.5317179429598022,0.07658000000000001
744,1.5337794745115652,0.07674
745,1.535841006063328,0.0769
746,1.537902537615091,0.07706
747,1.5399640691668537,0.07722000000000001
748,1.5420256007186166,0.07738
749,1.5440871322703795,0.07755000000000001
750,1.5461486638221424,0.07771
751,1.5482101953739051,0.07787
752,1.550271726925668,0.07803
753,1.552333258477431,0.07819999999999999
754,1.5543947900291937,0.07836000000000001
755,1.5564563215809566,0.07852
756,1.5585178531327195,0.07869
757,1.5605793846844824,0.07886
758,1.5626409162362451,0.07901999999999999
759,1.564702447788008,0.07918
760,1.566763979339771,0.07934999999999999
761,1.5688255108915337,0.07951
762,1.5708870424432966,0.07966
763,1.5729485739950595,0.07984
764,1.5750101055468224,0.08
765,1.577071637098585,0.08016
766,1.579133168650348,0.08033
767,1.581194700202111,0.08048999999999999
768,1.5832562317538739,0.08066
769,1.5853177633056366,0.08081
770,1.5873792948573995,0.08098
771,1.5894408264091624,0.08115
772,1.591502357960925,0.08131000000000001
773,1.593563889512688,0.08148000000000001
774,1.595625421064451,0.08164
775,1.5976869526162139,0.08181000000000001
776,1.5997484841679765,0.08195999999999999
777,1.6018100157197395,0.08214
778,1.6038715472715024,0.08229
779,1.605933078823265,0.08247
780,1.607994610375028,0.08263
781,1.610056141926791,0.0828
782,1.6121176734785538,0.08297
783,1.6141792050303165,0.08313
784,1.6162407365820795,0.0833
785,1.6183022681338424,0.08347
786,1.620363799685605,0.08363
787,1.622425331237368,0.0838
788,1.624486862789131,0.08395999999999999
789,1.6265483943408938,0.08413
790,1.6286099258926565,0.0843
791,1.6306714574444194,0.08446
792,1.6327329889961824,0.08463
793,1.6347945205479453,0.0848
794,1.636856052099708,0.08497
795,1.6389175836514709,0.08513
796,1.6409791152032338,0.0853
797,1.6430406467549965,0.08547
798,1.6451021783067594,0.08563
799,1.6471637098585223,0.08581
800,1.6492252414102853,0.08598
801,1.651286772962048,0.08615
802,1.6533483045138109,0.08632000000000001
803,1.6554098360655738,0.08648
804,1.6574713676173365,0.08665999999999999
805,1.6595328991690994,0.08682
806,1.6615944307208623,0.087
807,1.6636559622726252,0.08716
808,1.665717493824388,0.08732999999999999
809,1.6677790253761509,0.08748999999999998
810,1.6698405569279138,0.08765999999999999
811,1.6719020884796765,0.08782999999999999
812,1.6739636200314394,0.088
813,1.6760251515832023,0.08818
814,1.6780866831349652,0.08834
815,1.680148214686728,0.08851999999999999
816,1.6822097462384908,0.08867999999999998
817,1.6842712777902538,0.08886
818,1.6863328093420167,0.08903
819,1.6883943408937794,0.08918999999999999
820,1.6904558724455423,0.08936999999999999
821,1.6925174039973052,0.08953
822,1.694578935549068,0.08971
823,1.6966404671008308,0.08987999999999999
824,1.6987019986525937,0.09004999999999999
825,1.7007635302043567,0.09022
826,1.7028250617561194,0.09039
827,1.7048865933078823,0.09056
828,1.7069481248596452,0.09073
829,1.709009656411408,0.0909
830,1.7110711879631708,0.09106999999999998
831,1.7131327195149337,0.09125
832,1.7151942510666967,0.09142
833,1.7172557826184593,0.09159
834,1.7193173141702223,0.09176999999999999
835,1.7213788457219852,0.09192999999999998
836,1.723440377273748,0.09211
837,1.7255019088255108,0.09228
838,1.7275634403772737,0.09244
839,1.7296249719290366,0.09262999999999999
840,1.7316865034807993,0.0928
841,1.7337480350325623,0.09298
842,1.7358095665843252,0.09314
843,1.737871098136088,0.09330999999999999
844,1.7399326296878508,0.0935
845,1.7419941612396137,0.09366
846,1.7440556927913766,0.09383999999999999
847,1.7461172243431393,0.09401
848,1.7481787558949022,0.09419
849,1.7502402874466652,0.09437000000000001
850,1.752301818998428,0.09454000000000001
851,1.7543633505501908,0.09473000000000001
852,1.7564248821019537,0.09489
853,1.7584864136537166,0.09506
854,1.7605479452054793,0.09525
855,1.7626094767572422,0.09542
856,1.7646710083090051,0.09559000000000001
857,1.766732539860768,0.09577000000000001
858,1.7687940714125308,0.09594
859,1.7708556029642937,0.09612000000000001
860,1.7729171345160566,0.0963
861,1.7749786660678195,0.09646
862,1.7770401976195822,0.09665000000000001
863,1.7791017291713451,0.09682
864,1.781163260723108,0.097
865,1.7832247922748707,0.09718
866,1.7852863238266337,0.09734000000000001
867,1.7873478553783966,0.09753
868,1.7894093869301595,0.09770000000000001
869,1.7914709184819222,0.09788
870,1.793532450033685,0.09806000000000001
871,1.795593981585448,0.09823000000000001
872,1.7976555131372107,0.09840000000000002
873,1.7997170446889736,0.09859000000000001
874,1.8017785762407366,0.09876
875,1.8038401077924995,0.09894
876,1.8059016393442622,0.09912000000000001
877,1.807963170896025,0.09929
878,1.810024702447788,0.09948000000000001
879,1.8120862339995507,0.09965
880,1.8141477655513136,0.09983
881,1.8162092971030765,0.10001
882,1.8182708286548395,0.10019
883,1.8203323602066022,0.10037000000000001
884,1.822393891758365,0.10055
885,1.824455423310128,0.10072
886,1.826516954861891,0.10089000000000001
887,1.8285784864136536,0.10108
888,1.8306400179654165,0.10126000000000002
889,1.8327015495171795,0.10143
890,1.8347630810689421,0.10162000000000002
891,1.836824612620705,0.1018
892,1.838886144172468,0.10197
893,1.840947675724231,0.10216
894,1.8430092072759936,0.10234
895,1.8450707388277565,0.10252
896,1.8471322703795194,0.10270000000000001
897,1.8491938019312821,0.10288
898,1.851255333483045,0.10305
899,1.853316865034808,0.10324
900,1.8553783965865709,0.10341
901,1.8574399281383336,0.10359000000000002
902,1.8595014596900965,0.10378
903,1.8615629912418594,0.10396000000000001
904,1.8636245227936223,0.10414000000000001
905,1.865686054345385,0.10433
906,1.867747585897148,0.10451
907,1.8698091174489109,0.10468999999999999
908,1.8718706490006736,0.10488
909,1.8739321805524365,0.10506
910,1.8759937121041994,0.10524
911,1.8780552436559623,0.10542
912,1.880116775207725,0.1056
913,1.882178306759488,0.10578
914,1.8842398383112509,0.10597
915,1.8863013698630136,0.10616
916,1.8883629014147765,0.10634
917,1.8904244329665394,0.10653
918,1.8924859645183023,0.10671000000000001
919,1.894547496070065,0.10689
920,1.896609027621828,0.10708
921,1.8986705591735908,0.10726000000000001
922,1.9007320907253535,0.10744
923,1.9027936222771165,0.10763
924,1.9048551538288794,0.10781
925,1.9069166853806423,0.10798
926,1.908978216932405,0.10817
927,1.911039748484168,0.10835
928,1.9131012800359308,0.10855
929,1.9151628115876937,0.10874
930,1.9172243431394564,0.10892
931,1.9192858746912194,0.1091
932,1.9213474062429823,0.10929000000000001
933,1.923408937794745,0.10947
934,1.925470469346508,0.10965000000000001
935,1.9275320008982708,0.10984999999999999
936,1.9295935324500337,0.11003
937,1.9316550640017964,0.11021000000000002
938,1.9337165955535593,0.1104
939,1.9357781271053223,0.11058
940,1.937839658657085,0.11076000000000001
941,1.9399011902088479,0.11095999999999999
942,1.9419627217606108,0.11115
943,1.9440242533123737,0.11133
944,1.9460857848641364,0.11152
945,1.9481473164158993,0.11170000000000001
946,1.9502088479676623,0.11189
947,1.9522703795194252,0.11208
948,1.9543319110711879,0.11227
949,1.9563934426229508,0.11245999999999999
950,1.9584549741747137,0.11265000000000001
951,1.9605165057264764,0.11283
952,1.9625780372782393,0.11302
953,1.9646395688300022,0.11321
954,1.9667011003817652,0.11339999999999999
955,1.9687626319335279,0.11359000000000001
956,1.9708241634852908,0.11377
957,1.9728856950370537,0.11395999999999999
958,1.9749472265888164,0.11416
959,1.9770087581405793,0.11434000000000001
960,1.9790702896923422,0.11452
961,1.9811318212441051,0.11473
962,1.9831933527958678,0.11491
963,1.9852548843476308,0.11509000000000001
964,1.9873164158993937,0.1153
965,1.9893779474511564,0.11549
966,1.9914394790029193,0.11567
967,1.9935010105546822,0.11587
968,1.9955625421064451,0.11606
969,1.9976240736582078,0.11624
970,1.9996856052099707,0.11645
971,2.0017471367617334,0.11662999999999998
972,2.0038086683134964,0.11681
973,2.0058701998652593,0.11702
974,2.007931731417022,0.1172
975,2.009993262968785,0.11739999999999999
976,2.012054794520548,0.11759
977,2.014116326072311,0.11777
978,2.0161778576240734,0.11798
979,2.0182393891758363,0.11815999999999999
980,2.0203009207275993,0.11835
981,2.022362452279362,0.11854999999999999
982,2.024423983831125,0.11874000000000001
983,2.026485515382888,0.11893
984,2.028547046934651,0.11913
985,2.0306085784864134,0.11932
986,2.0326701100381763,0.11951
987,2.0347316415899392,0.11971000000000001
988,2.036793173141702,0.11989
989,2.038854704693465,0.1201
990,2.040916236245228,0.12028
991,2.042977767796991,0.12048
992,2.0450392993487534,0.12067
993,2.0471008309005163,0.12087
994,2.0491623624522792,0.12107000000000001
995,2.051223894004042,0.12126
996,2.053285425555805,0.12144999999999999
997,2.055346957107568,0.12165
998,2.057408488659331,0.12184
999,2.0594700202110934,0.12204
1000,2.0615315517628563,0.12224
1001,2.063593083314619,0.12242
1002,2.065654614866382,0.12262999999999999
1003,2.067716146418145,0.12282
1004,2.069777677969908,0.12301000000000001
1005,2.071839209521671,0.12322
1006,2.073900741073434,0.1234
1007,2.0759622726251963,0.12361
1008,2.078023804176959,0.1238
1009,2.080085335728722,0.124
1010,2.082146867280485,0.1242
1011,2.084208398832248,0.12439
1012,2.086269930384011,0.12458999999999999
1013,2.088331461935774,0.12479
1014,2.0903929934875363,0.12499
1015,2.092454525039299,0.12518
1016,2.094516056591062,0.12538000000000002
1017,2.096577588142825,0.12558
1018,2.098639119694588,0.12577
1019,2.100700651246351,0.12598
1020,2.1027621827981138,0.12618
1021,2.1048237143498763,0.12637
1022,2.106885245901639,0.12657
1023,2.108946777453402,0.12677
1024,2.111008309005165,0.12698
1025,2.113069840556928,0.12716999999999998
1026,2.115131372108691,0.12737
1027,2.1171929036604538,0.12757
1028,2.1192544352122162,0.12779000000000001
1029,2.121315966763979,0.12798
1030,2.123377498315742,0.12817
1031,2.125439029867505,0.12838000000000002
1032,2.127500561419268,0.12858
1033,2.129562092971031,0.12879000000000002
1034,2.1316236245227937,0.12898
1035,2.133685156074556,0.12919
1036,2.135746687626319,0.12938
1037,2.137808219178082,0.12959
1038,2.139869750729845,0.12979
1039,2.141931282281608,0.12999000000000002
1040,2.143992813833371,0.13019
1041,2.1460543453851337,0.13039
1042,2.148115876936896,0.13060000000000002
1043,2.150177408488659,0.1308
1044,2.152238940040422,0.13101
1045,2.154300471592185,0.1312
1046,2.156362003143948,0.13141
1047,2.158423534695711,0.13160000000000002
1048,2.1604850662474737,0.13181
1049,2.1625465977992366,0.13201000000000002
1050,2.164608129350999,0.13222
1051,2.166669660902762,0.13242
1052,2.168731192454525,0.13263
1053,2.170792724006288,0.13283
1054,2.172854255558051,0.13304000000000002
1055,2.1749157871098137,0.13324
1056,2.1769773186615766,0.13345
1057,2.179038850213339,0.13365000000000002
1058,2.181100381765102,0.13386
1059,2.183161913316865,0.13406
1060,2.185223444868628,0.13427000000000003
1061,2.1872849764203908,0.13447
1062,2.1893465079721537,0.13469
1063,2.1914080395239166,0.13488999999999998
1064,2.193469571075679,0.1351
1065,2.195531102627442,0.1353
1066,2.197592634179205,0.13551
1067,2.199654165730968,0.13571
1068,2.2017156972827308,0.13592
1069,2.2037772288344937,0.13613
1070,2.2058387603862566,0.13633
1071,2.207900291938019,0.13655
1072,2.209961823489782,0.13675
1073,2.212023355041545,0.13696
1074,2.214084886593308,0.13716
1075,2.2161464181450707,0.13737
1076,2.2182079496968337,0.13758
1077,2.2202694812485966,0.13779
1078,2.222331012800359,0.138
1079,2.224392544352122,0.13820000000000002
1080,2.226454075903885,0.13841
1081,2.228515607455648,0.13862
1082,2.2305771390074107,0.13883
1083,2.2326386705591736,0.13904000000000002
1084,2.2347002021109366,0.13926000000000002
1085,2.236761733662699,0.13947
1086,2.238823265214462,0.13967000000000002
1087,2.240884796766225,0.13988
1088,2.242946328317988,0.14009
1089,2.2450078598697507,0.1403
1090,2.2470693914215136,0.14051
1091,2.2491309229732765,0.14073000000000002
1092,2.2511924545250395,0.14094999999999996
1093,2.253253986076802,0.14115999999999998
1094,2.255315517628565,0.14137
1095,2.2573770491803278,0.14157999999999998
1096,2.2594385807320907,0.14178999999999997
1097,2.2615001122838536,0.14200999999999997
1098,2.2635616438356165,0.14221999999999999
1099,2.2656231753873795,0.14243
1100,2.267684706939142,0.14264
1101,2.269746238490905,0.14284999999999998
1102,2.2718077700426678,0.14306999999999997
1103,2.2738693015944307,0.14328999999999997
1104,2.2759308331461936,0.14349
1105,2.2779923646979565,0.14371
1106,2.2800538962497194,0.14393
1107,2.282115427801482,0.14414
1108,2.284176959353245,0.14434999999999998
1109,2.2862384909050077,0.14456999999999998
1110,2.2883000224567707,0.14478999999999997
1111,2.2903615540085336,0.145
1112,2.2924230855602965,0.14522
1113,2.2944846171120594,0.14542
1114,2.296546148663822,0.14565
1115,2.298607680215585,0.14586
1116,2.3006692117673477,0.14606999999999998
1117,2.3027307433191107,0.14628999999999998
1118,2.3047922748708736,0.14650999999999997
1119,2.3068538064226365,0.14672
1120,2.3089153379743994,0.14694
1121,2.310976869526162,0.14716
1122,2.313038401077925,0.14738
1123,2.3150999326296877,0.14759
1124,2.3171614641814506,0.14782
1125,2.3192229957332136,0.14803
1126,2.3212845272849765,0.14823999999999998
1127,2.3233460588367394,0.14847
1128,2.325407590388502,0.14867999999999998
1129,2.327469121940265,0.14889999999999998
1130,2.3295306534920277,0.14911999999999997
1131,2.3315921850437906,0.14933999999999997
1132,2.3336537165955535,0.14956
1133,2.3357152481473165,0.14978
1134,2.3377767796990794,0.14998999999999998
1135,2.339838311250842,0.15021
1136,2.3418998428026048,0.15044
1137,2.3439613743543677,0.15066
1138,2.3460229059061306,0.15088
1139,2.3480844374578935,0.15109999999999998
1140,2.3501459690096564,0.15132
1141,2.3522075005614194,0.15153999999999998
1142,2.3542690321131823,0.15176
1143,2.3563305636649448,0.15198
1144,2.3583920952167077,0.1522
1145,2.3604536267684706,0.15242999999999998
1146,2.3625151583202335,0.15264999999999998
1147,2.3645766898719964,0.15287
1148,2.3666382214237593,0.15309
1149,2.3686997529755223,0.15331
1150,2.3707612845272847,0.15353999999999998
1151,2.3728228160790477,0.15376
1152,2.3748843476308106,0.15399
1153,2.3769458791825735,0.15421999999999997
1154,2.3790074107343364,0.15443999999999997
1155,2.3810689422860993,0.15467
1156,2.3831304738378623,0.1549
1157,2.3851920053896247,0.15512
1158,2.3872535369413876,0.15533999999999998
1159,2.3893150684931506,0.15556999999999999
1160,2.3913766000449135,0.15578
1161,2.3934381315966764,0.15602
1162,2.3954996631484393,0.15624
1163,2.3975611947002022,0.15647
1164,2.3996227262519647,0.15669
1165,2.4016842578037276,0.15692
1166,2.4037457893554905,0.15716
1167,2.4058073209072535,0.15738
1168,2.4078688524590164,0.15761
1169,2.4099303840107793,0.15783
1170,2.411991915562542,0.15805999999999998
1171,2.4140534471143047,0.15828
1172,2.4161149786660676,0.15850999999999998
1173,2.4181765102178305,0.15874
1174,2.4202380417695935,0.15897
1175,2.4222995733213564,0.1592
1176,2.4243611048731193,0.15943000000000002
1177,2.426422636424882,0.15966
1178,2.4284841679766447,0.15989
1179,2.4305456995284076,0.16012
1180,2.4326072310801705,0.16035
1181,2.4346687626319334,0.16058
1182,2.4367302941836964,0.16081
1183,2.4387918257354593,0.16104000000000002
1184,2.440853357287222,0.16127999999999998
1185,2.442914888838985,0.16149
1186,2.4449764203907476,0.16172999999999998
1187,2.4470379519425105,0.16194999999999998
1188,2.4490994834942734,0.16219
1189,2.4511610150460363,0.16242
1190,2.4532225465977993,0.16265000000000002
1191,2.455284078149562,0.16289
1192,2.457345609701325,0.16312
1193,2.4594071412530876,0.16335
1194,2.4614686728048505,0.16359
1195,2.4635302043566134,0.16381
1196,2.4655917359083763,0.16405999999999998
1197,2.4676532674601392,0.1643
1198,2.469714799011902,0.16452
1199,2.471776330563665,0.16476
1200,2.4738378621154276,0.165
1201,2.4758993936671905,0.16523000000000002
1202,2.4779609252189534,0.16546
1203,2.4800224567707163,0.16570000000000001
1204,2.4820839883224792,0.16593
1205,2.484145519874242,0.16616999999999998
1206,2.486207051426005,0.16641
1207,2.4882685829777675,0.16664
1208,2.4903301145295305,0.16687
1209,2.4923916460812934,0.16711
1210,2.4944531776330563,0.16734
1211,2.496514709184819,0.16759000000000002
1212,2.498576240736582,0.16783
1213,2.500637772288345,0.16807
1214,2.5026993038401075,0.1683
1215,2.5047608353918704,0.16854
1216,2.5068223669436334,0.16877999999999999
1217,2.5088838984953963,0.16902
1218,2.510945430047159,0.16926000000000002
1219,2.513006961598922,0.16951
1220,2.515068493150685,0.16975
1221,2.5171300247024475,0.16999000000000003
1222,2.5191915562542104,0.17023
1223,2.5212530878059733,0.17047
1224,2.5233146193577363,0.17071
1225,2.525376150909499,0.17095
1226,2.527437682461262,0.17119
1227,2.529499214013025,0.17144000000000004
1228,2.531560745564788,0.17168
1229,2.5336222771165504,0.17191
1230,2.5356838086683133,0.17215000000000003
1231,2.5377453402200763,0.17241
1232,2.539806871771839,0.17265
1233,2.541868403323602,0.17288
1234,2.543929934875365,0.17313
1235,2.545991466427128,0.17338000000000003
1236,2.5480529979788904,0.17362
1237,2.5501145295306533,0.17387000000000002
1238,2.5521760610824162,0.17410000000000003
1239,2.554237592634179,0.17436000000000001
1240,2.556299124185942,0.1746
1241,2.558360655737705,0.17485
1242,2.560422187289468,0.17509000000000002
1243,2.5624837188412304,0.17534
1244,2.5645452503929933,0.17558
1245,2.566606781944756,0.17583000000000001
1246,2.568668313496519,0.17607
1247,2.570729845048282,0.17633
1248,2.572791376600045,0.17656
1249,2.574852908151808,0.17681000000000002
1250,2.5769144397035704,0.17707
1251,2.5789759712553333,0.17731000000000002
1252,2.581037502807096,0.17756
1253,2.583099034358859,0.17782
1254,2.585160565910622,0.17807
1255,2.587222097462385,0.17830000000000001
1256,2.589283629014148,0.17856
1257,2.5913451605659104,0.17881000000000002
1258,2.5934066921176733,0.17906
1259,2.595468223669436,0.17932
1260,2.597529755221199,0.17956
1261,2.599591286772962,0.17980000000000002
1262,2.601652818324725,0.18006
1263,2.603714349876488,0.18031000000000003
1264,2.6057758814282503,0.18057
1265,2.6078374129800133,0.18082
1266,2.609898944531776,0.18107
1267,2.611960476083539,0.18133
1268,2.614022007635302,0.18158000000000002
1269,2.616083539187065,0.18184
1270,2.618145070738828,0.18208000000000002
1271,2.6202066022905908,0.18234
1272,2.6222681338423532,0.18259000000000003
1273,2.624329665394116,0.18285
1274,2.626391196945879,0.18311
1275,2.628452728497642,0.18336
1276,2.630514260049405,0.18362
1277,2.632575791601168,0.18388
1278,2.6346373231529308,0.18415
1279,2.6366988547046932,0.18439999999999998
1280,2.638760386256456,0.18465
1281,2.640821917808219,0.18491
1282,2.642883449359982,0.18517
1283,2.644944980911745,0.18542
1284,2.647006512463508,0.18569
1285,2.6490680440152707,0.18593999999999997
1286,2.651129575567033,0.18621
1287,2.653191107118796,0.18646
1288,2.655252638670559,0.18672
1289,2.657314170222322,0.18698
1290,2.659375701774085,0.18725
1291,2.661437233325848,0.18750999999999998
1292,2.6634987648776107,0.18776999999999996
1293,2.665560296429373,0.18803
1294,2.667621827981136,0.18828999999999999
1295,2.669683359532899,0.18855999999999998
1296,2.671744891084662,0.18881
1297,2.673806422636425,0.18908
1298,2.675867954188188,0.18935
1299,2.6779294857399507,0.18958999999999998
1300,2.679991017291713,0.18986
1301,2.682052548843476,0.19013
1302,2.684114080395239,0.19038999999999998
1303,2.686175611947002,0.19065999999999997
1304,2.688237143498765,0.19091999999999998
1305,2.6902986750505278,0.19119
1306,2.6923602066022907,0.19146
1307,2.694421738154053,0.19171
1308,2.696483269705816,0.19198
1309,2.698544801257579,0.19226
1310,2.700606332809342,0.19252
1311,2.702667864361105,0.19279
1312,2.7047293959128678,0.19305999999999998
1313,2.7067909274646307,0.19332999999999997
1314,2.7088524590163936,0.19358999999999998
1315,2.710913990568156,0.19386
1316,2.712975522119919,0.19413
1317,2.715037053671682,0.1944
1318,2.717098585223445,0.19466999999999998
1319,2.7191601167752077,0.19493999999999997
1320,2.7212216483269707,0.19521999999999998
1321,2.7232831798787336,0.19548000000000001
1322,2.725344711430496,0.19575
1323,2.727406242982259,0.19603
1324,2.729467774534022,0.19631
1325,2.731529306085785,0.19659000000000001
1326,2.7335908376375477,0.19685
1327,2.7356523691893107,0.19713
1328,2.7377139007410736,0.1974
1329,2.739775432292836,0.19768
1330,2.741836963844599,0.19795
1331,2.743898495396362,0.19821999999999998
1332,2.745960026948125,0.19849999999999998
1333,2.7480215584998877,0.19876999999999997
1334,2.7500830900516506,0.19904999999999998
1335,2.7521446216034136,0.19932999999999998
1336,2.754206153155176,0.19960999999999998
1337,2.756267684706939,0.19988
1338,2.758329216258702,0.20016
1339,2.760390747810465,0.20043999999999998
1340,2.7624522793622277,0.20072
1341,2.7645138109139906,0.201
1342,2.7665753424657535,0.20128
1343,2.768636874017516,0.20156
1344,2.770698405569279,0.20185
1345,2.772759937121042,0.20213
1346,2.7748214686728048,0.20241
1347,2.7768830002245677,0.20269
1348,2.7789445317763306,0.20296
1349,2.7810060633280935,0.20325000000000001
1350,2.783067594879856,0.20353000000000002
1351,2.785129126431619,0.20381
1352,2.787190657983382,0.20409
1353,2.7892521895351448,0.20438
1354,2.7913137210869077,0.20465999999999998
1355,2.7933752526386706,0.20494
1356,2.7954367841904335,0.20524
1357,2.797498315742196,0.20552
1358,2.799559847293959,0.20581
1359,2.801621378845722,0.20609000000000002
1360,2.8036829103974847,0.20637999999999998
1361,2.8057444419492477,0.20665999999999998
1362,2.8078059735010106,0.20696
1363,2.8098675050527735,0.20725
1364,2.8119290366045364,0.20753000000000002
1365,2.813990568156299,0.20783
1366,2.816052099708062,0.20812
1367,2.8181136312598247,0.20840999999999998
1368,2.8201751628115876,0.2087
1369,2.8222366943633506,0.20897999999999997
1370,2.8242982259151135,0.20926999999999998
1371,2.8263597574668764,0.20956000000000002
1372,2.828421289018639,0.20985
1373,2.830482820570402,0.21015999999999999
1374,2.8325443521221647,0.21045
1375,2.8346058836739276,0.21074
1376,2.8366674152256905,0.21103999999999998
1377,2.8387289467774535,0.21133
1378,2.8407904783292164,0.21162
1379,2.842852009880979,0.21192
1380,2.8449135414327418,0.21221
1381,2.8469750729845047,0.21252000000000001
1382,2.8490366045362676,0.21280999999999997
1383,2.8510981360880305,0.21311
1384,2.8531596676397935,0.21341000000000002
1385,2.8552211991915564,0.2137
1386,2.857282730743319,0.214
1387,2.8593442622950818,0.2143
1388,2.8614057938468447,0.2146
1389,2.8634673253986076,0.21491
1390,2.8655288569503705,0.2152
1391,2.8675903885021334,0.2155
1392,2.8696519200538964,0.21581
1393,2.871713451605659,0.21611
1394,2.8737749831574217,0.21641000000000002
1395,2.8758365147091847,0.21672
1396,2.8778980462609476,0.21703
1397,2.8799595778127105,0.21733000000000002
1398,2.8820211093644734,0.21763000000000002
1399,2.8840826409162363,0.21794000000000002
1400,2.886144172467999,0.21825000000000003
1401,2.8882057040197617,0.21855000000000002
1402,2.8902672355715247,0.21887
1403,2.8923287671232876,0.21917
1404,2.8943902986750505,0.21948
1405,2.8964518302268134,0.21979
1406,2.8985133617785763,0.2201
1407,2.9005748933303392,0.22041000000000002
1408,2.9026364248821017,0.22071000000000005
1409,2.9046979564338646,0.22103
1410,2.9067594879856276,0.22133000000000003
1411,2.9088210195373905,0.22165
1412,2.9108825510891534,0.22197000000000003
1413,2.9129440826409163,0.22227
1414,2.9150056141926792,0.22259
1415,2.9170671457444417,0.22290000000000001
1416,2.9191286772962046,0.22322000000000003
1417,2.9211902088479675,0.22353
1418,2.9232517403997305,0.22385000000000002
1419,2.9253132719514934,0.22416
1420,2.9273748035032563,0.22448
1421,2.929436335055019,0.2248
1422,2.9314978666067817,0.22512000000000001
1423,2.9335593981585446,0.22543
1424,2.9356209297103075,0.22575
1425,2.9376824612620704,0.22606
1426,2.9397439928138334,0.22640000000000002
1427,2.9418055243655963,0.22672
1428,2.943867055917359,0.22703
1429,2.9459285874691217,0.22736000000000003
1430,2.9479901190208846,0.22767
1431,2.9500516505726475,0.22801000000000002
1432,2.9521131821244104,0.22833
1433,2.9541747136761733,0.22865000000000002
1434,2.9562362452279363,0.22897
1435,2.958297776779699,0.22930999999999999
1436,2.9603593083314617,0.22963
1437,2.9624208398832246,0.22996000000000003
1438,2.9644823714349875,0.23028
1439,2.9665439029867504,0.23060000000000003
1440,2.9686054345385133,0.23094
1441,2.9706669660902763,0.23127
1442,2.972728497642039,0.23159
1443,2.9747900291938016,0.23193000000000003
1444,2.9768515607455646,0.23227
1445,2.9789130922973275,0.23259000000000002
1446,2.9809746238490904,0.23292
1447,2.9830361554008533,0.23325
1448,2.9850976869526162,0.2336
1449,2.987159218504379,0.23392000000000002
1450,2.989220750056142,0.23426
1451,2.9912822816079045,0.2346
1452,2.9933438131596675,0.23495
1453,2.9954053447114304,0.23529
1454,2.9974668762631933,0.23560999999999999
1455,2.999528407814956,0.23595
1456,3.001589939366719,0.23629999999999998
1457,3.003651470918482,0.23664000000000002
1458,3.0057130024702445,0.23697999999999997
1459,3.0077745340220075,0.23732
1460,3.0098360655737704,0.23765999999999998
1461,3.0118975971255333,0.238
1462,3.013959128677296,0.23834
1463,3.016020660229059,0.23868
1464,3.018082191780822,0.23903
1465,3.0201437233325845,0.23938
1466,3.0222052548843474,0.23972
1467,3.0242667864361104,0.24007
1468,3.0263283179878733,0.24042
1469,3.028389849539636,0.24076999999999998
1470,3.030451381091399,0.24111
1471,3.032512912643162,0.24146
1472,3.0345744441949245,0.24181999999999998
1473,3.0366359757466874,0.24217
1474,3.0386975072984503,0.24251999999999999
1475,3.0407590388502133,0.24287
1476,3.042820570401976,0.24323
1477,3.044882101953739,0.24358
1478,3.046943633505502,0.24392999999999998
1479,3.0490051650572645,0.24429
1480,3.0510666966090274,0.24463999999999997
1481,3.0531282281607903,0.245
1482,3.0551897597125532,0.24534999999999998
1483,3.057251291264316,0.24572
1484,3.059312822816079,0.24606999999999998
1485,3.061374354367842,0.24642999999999998
1486,3.0634358859196045,0.24677999999999997
1487,3.0654974174713674,0.24716
1488,3.0675589490231303,0.24752
1489,3.0696204805748932,0.24788
1490,3.071682012126656,0.24824999999999997
1491,3.073743543678419,0.24861
1492,3.075805075230182,0.24896999999999997
1493,3.077866606781945,0.24933
1494,3.0799281383337074,0.24971
1495,3.0819896698854703,0.25008
1496,3.084051201437233,0.25044
1497,3.086112732988996,0.25081
1498,3.088174264540759,0.25119
1499,3.090235796092522,0.25155
1500,3.092297327644285,0.25192
1501,3.0943588591960474,0.25229999999999997
1502,3.0964203907478103,0.25268
1503,3.098481922299573,0.25304
1504,3.100543453851336,0.25342
1505,3.102604985403099,0.2538
1506,3.104666516954862,0.25417999999999996
1507,3.106728048506625,0.25457
1508,3.1087895800583873,0.25494
1509,3.1108511116101503,0.25532000000000005
1510,3.112912643161913,0.2557
1511,3.114974174713676,0.25609
1512,3.117035706265439,0.25647000000000003
1513,3.119097237817202,0.25684
1514,3.121158769368965,0.25724
1515,3.1232203009207273,0.25762
1516,3.1252818324724903,0.25801
1517,3.127343364024253,0.2584
1518,3.129404895576016,0.25878
1519,3.131466427127779,0.25916999999999996
1520,3.133527958679542,0.25956
1521,3.135589490231305,0.25994999999999996
1522,3.1376510217830673,0.26034
1523,3.1397125533348302,0.26073
1524,3.141774084886593,0.26113000000000003
1525,3.143835616438356,0.26152
1526,3.145897147990119,0.26191000000000003
1527,3.147958679541882,0.26232
1528,3.150020211093645,0.2627
1529,3.1520817426454073,0.2631
1530,3.15414327419717,0.26351
1531,3.156204805748933,0.26391000000000003
1532,3.158266337300696,0.26431
1533,3.160327868852459,0.26471
1534,3.162389400404222,0.26511
1535,3.164450931955985,0.26552000000000003
1536,3.1665124635077477,0.26592
1537,3.16857399505951,0.26633
1538,3.170635526611273,0.26674000000000003
1539,3.172697058163036,0.26715
1540,3.174758589714799,0.26755999999999996
1541,3.176820121266562,0.26797
1542,3.178881652818325,0.26838
1543,3.1809431843700877,0.26879000000000003
1544,3.18300471592185,0.2692
1545,3.185066247473613,0.26962
1546,3.187127779025376,0.27003
1547,3.189189310577139,0.27045
1548,3.191250842128902,0.27087
1549,3.193312373680665,0.27128
1550,3.1953739052324277,0.2717
1551,3.19743543678419,0.27213000000000004
1552,3.199496968335953,0.27255
1553,3.201558499887716,0.27297
1554,3.203620031439479,0.27340000000000003
1555,3.205681562991242,0.27382
1556,3.2077430945430048,0.27424
1557,3.2098046260947677,0.27468
1558,3.21186615764653,0.2751
1559,3.213927689198293,0.27553
1560,3.215989220750056,0.27597
1561,3.218050752301819,0.27641
1562,3.220112283853582,0.27684000000000003
1563,3.2221738154053448,0.27727999999999997
1564,3.2242353469571077,0.27771
1565,3.22629687850887,0.27814
1566,3.228358410060633,0.27858000000000005
1567,3.230419941612396,0.27902000000000005
1568,3.232481473164159,0.27946000000000004
1569,3.234543004715922,0.27990000000000004
1570,3.2366045362676847,0.28034000000000003
1571,3.2386660678194477,0.28079
1572,3.24072759937121,0.28124000000000005
1573,3.242789130922973,0.28169
1574,3.244850662474736,0.28214
1575,3.246912194026499,0.28259
1576,3.248973725578262,0.28303
1577,3.2510352571300247,0.28349
1578,3.2530967886817876,0.28393999999999997
1579,3.25515832023355,0.28439000000000003
1580,3.257219851785313,0.28485
1581,3.259281383337076,0.2853
1582,3.261342914888839,0.28576
1583,3.263404446440602,0.28622000000000003
1584,3.2654659779923647,0.28668
1585,3.2675275095441276,0.28714000000000006
1586,3.2695890410958905,0.28759999999999997
1587,3.271650572647653,0.28807000000000005
1588,3.273712104199416,0.28854
1589,3.275773635751179,0.28900000000000003
1590,3.2778351673029418,0.28946000000000005
1591,3.2798966988547047,0.28995000000000004
1592,3.2819582304064676,0.29041000000000006
1593,3.2840197619582305,0.29088
1594,3.286081293509993,0.29137
1595,3.288142825061756,0.29183000000000003
1596,3.290204356613519,0.2923
1597,3.2922658881652818,0.2928
1598,3.2943274197170447,0.29327000000000003
1599,3.2963889512688076,0.29375000000000007
1600,3.2984504828205705,0.29424000000000006
1601,3.300512014372333,0.29471
1602,3.302573545924096,0.29521
1603,3.304635077475859,0.29569
1604,3.3066966090276217,0.29617000000000004
1605,3.3087581405793847,0.29667
1606,3.3108196721311476,0.29715
1607,3.3128812036829105,0.29766000000000004
1608,3.314942735234673,0.29813999999999996
1609,3.317004266786436,0.29864
1610,3.319065798338199,0.29914
1611,3.3211273298899617,0.29964
1612,3.3231888614417247,0.30013
1613,3.3252503929934876,0.30065000000000003
1614,3.3273119245452505,0.30114
1615,3.329373456097013,0.30166
1616,3.331434987648776,0.30217
1617,3.333496519200539,0.30266000000000004
1618,3.3355580507523017,0.30318
1619,3.3376195823040646,0.30369
1620,3.3396811138558276,0.30421000000000004
1621,3.3417426454075905,0.30472000000000005
1622,3.343804176959353,0.30523000000000006
1623,3.345865708511116,0.30575
1624,3.347927240062879,0.30627
1625,3.3499887716146417,0.30679000000000006
1626,3.3520503031664046,0.30731
1627,3.3541118347181675,0.30784000000000006
1628,3.3561733662699305,0.30837000000000003
1629,3.3582348978216934,0.30889000000000005
1630,3.360296429373456,0.30941
1631,3.3623579609252188,0.30995
1632,3.3644194924769817,0.31048000000000003
1633,3.3664810240287446,0.3110300000000001
1634,3.3685425555805075,0.31156
1635,3.3706040871322704,0.31208
1636,3.3726656186840334,0.31263
1637,3.374727150235796,0.31317
1638,3.3767886817875588,0.31372000000000005
1639,3.3788502133393217,0.31426000000000004
1640,3.3809117448910846,0.3148
1641,3.3829732764428475,0.31536000000000003
1642,3.3850348079946104,0.3159100000000001
1643,3.3870963395463733,0.31646
1644,3.389157871098136,0.31701
1645,3.3912194026498987,0.31757
1646,3.3932809342016617,0.3181300000000001
1647,3.3953424657534246,0.31868
1648,3.3974039973051875,0.31925
1649,3.3994655288569504,0.31981000000000004
1650,3.4015270604087133,0.32037000000000004
1651,3.403588591960476,0.32094000000000006
1652,3.4056501235122387,0.3215
1653,3.4077116550640016,0.32208000000000003
1654,3.4097731866157646,0.32265000000000005
1655,3.4118347181675275,0.32321000000000005
1656,3.4138962497192904,0.32380000000000003
1657,3.4159577812710533,0.32437000000000005
1658,3.418019312822816,0.32496
1659,3.4200808443745787,0.32554
1660,3.4221423759263416,0.32612
1661,3.4242039074781045,0.32671
1662,3.4262654390298675,0.32729
1663,3.4283269705816304,0.32789
1664,3.4303885021333933,0.32848000000000005
1665,3.4324500336851558,0.32908
1666,3.4345115652369187,0.32966999999999996
1667,3.4365730967886816,0.33026999999999995
1668,3.4386346283404445,0.33086999999999994
1669,3.4406961598922075,0.33147
1670,3.4427576914439704,0.33208999999999994
1671,3.4448192229957333,0.33268
1672,3.446880754547496,0.33327999999999997
1673,3.4489422860992587,0.33391
1674,3.4510038176510216,0.33451
1675,3.4530653492027845,0.33513999999999994
1676,3.4551268807545474,0.33574999999999994
1677,3.4571884123063104,0.33637
1678,3.4592499438580733,0.33698999999999996
1679,3.461311475409836,0.33759999999999996
1680,3.4633730069615987,0.33824
1681,3.4654345385133616,0.33886
1682,3.4674960700651245,0.33949999999999997
1683,3.4695576016168874,0.34012
1684,3.4716191331686503,0.34076
1685,3.4736806647204133,0.3414
1686,3.475742196272176,0.34203
1687,3.4778037278239387,0.34268
1688,3.4798652593757016,0.34330999999999995
1689,3.4819267909274645,0.34397
1690,3.4839883224792274,0.34460999999999997
1691,3.4860498540309903,0.34525999999999996
1692,3.4881113855827532,0.34591999999999995
1693,3.490172917134516,0.34657
1694,3.4922344486862786,0.34722
1695,3.4942959802380416,0.34787999999999997
1696,3.4963575117898045,0.34854999999999997
1697,3.4984190433415674,0.34920999999999996
1698,3.5004805748933303,0.34987999999999997
1699,3.5025421064450932,0.35055
1700,3.504603637996856,0.35120999999999997
1701,3.5066651695486186,0.35189999999999994
1702,3.5087267011003815,0.35257
1703,3.5107882326521445,0.35324
1704,3.5128497642039074,0.35391999999999996
1705,3.5149112957556703,0.35461000000000004
1706,3.516972827307433,0.35528999999999994
1707,3.519034358859196,0.35599
1708,3.5210958904109586,0.35668
1709,3.5231574219627215,0.35738
1710,3.5252189535144844,0.35806999999999994
1711,3.5272804850662474,0.35875999999999997
1712,3.5293420166180103,0.35947
1713,3.531403548169773,0.36017
1714,3.533465079721536,0.36088000000000003
1715,3.535526611273299,0.36157999999999996
1716,3.5375881428250615,0.36231
1717,3.5396496743768244,0.36302
1718,3.5417112059285873,0.36373999999999995
1719,3.5437727374803503,0.36445
1720,3.545834269032113,0.36517
1721,3.547895800583876,0.36589
1722,3.549957332135639,0.36661
1723,3.5520188636874015,0.36735999999999996
1724,3.5540803952391644,0.36807999999999996
1725,3.5561419267909273,0.36882
1726,3.5582034583426903,0.36955
1727,3.560264989894453,0.37029
1728,3.562326521446216,0.37104000000000004
1729,3.564388052997979,0.37178999999999995
1730,3.5664495845497415,0.37253000000000003
1731,3.5685111161015044,0.37329
1732,3.5705726476532673,0.37404
1733,3.5726341792050302,0.37478999999999996
1734,3.574695710756793,0.37555
1735,3.576757242308556,0.37631
1736,3.578818773860319,0.37707
1737,3.5808803054120815,0.37783999999999995
1738,3.5829418369638444,0.37861
1739,3.5850033685156073,0.37939
1740,3.58706490006737,0.38016
1741,3.589126431619133,0.38094
1742,3.591187963170896,0.38171999999999995
1743,3.593249494722659,0.38251
1744,3.5953110262744215,0.38329
1745,3.5973725578261844,0.38408
1746,3.5994340893779473,0.38487
1747,3.60149562092971,0.38566999999999996
1748,3.603557152481473,0.38647
1749,3.605618684033236,0.38727
1750,3.607680215584999,0.38808
1751,3.6097417471367614,0.38888
1752,3.6118032786885244,0.38969
1753,3.6138648102402873,0.39049999999999996
1754,3.61592634179205,0.39132
1755,3.617987873343813,0.39213
1756,3.620049404895576,0.39296
1757,3.622110936447339,0.39376999999999995
1758,3.6241724679991014,0.39461
1759,3.6262339995508643,0.39544
1760,3.6282955311026273,0.39627999999999997
1761,3.63035706265439,0.39710999999999996
1762,3.632418594206153,0.39795
1763,3.634480125757916,0.39877999999999997
1764,3.636541657309679,0.39963
1765,3.638603188861442,0.40048999999999996
1766,3.6406647204132043,0.40134
1767,3.6427262519649672,0.40219
1768,3.64478778351673,0.40306
1769,3.646849315068493,0.40391
1770,3.648910846620256,0.40478
1771,3.650972378172019,0.40564000000000006
1772,3.653033909723782,0.40651
1773,3.6550954412755443,0.40738
1774,3.6571569728273072,0.40826
1775,3.65921850437907,0.40913
1776,3.661280035930833,0.41001000000000004
1777,3.663341567482596,0.41089000000000003
1778,3.665403099034359,0.41178999999999993
1779,3.667464630586122,0.41267
1780,3.6695261621378843,0.41357
1781,3.671587693689647,0.41446
1782,3.67364922524141,0.41536
1783,3.675710756793173,0.41626
1784,3.677772288344936,0.41717
1785,3.679833819896699,0.41807
1786,3.681895351448462,0.41897999999999996
1787,3.6839568830002243,0.41989000000000004
1788,3.686018414551987,0.42081
1789,3.68807994610375,0.42172
1790,3.690141477655513,0.42266
1791,3.692203009207276,0.42357
1792,3.694264540759039,0.42451
1793,3.696326072310802,0.42543000000000003
1794,3.6983876038625643,0.42636999999999997
1795,3.700449135414327,0.42730999999999997
1796,3.70251066696609,0.42824
1797,3.704572198517853,0.42919999999999997
1798,3.706633730069616,0.43013
1799,3.708695261621379,0.43109
1800,3.7107567931731418,0.43204000000000004
1801,3.7128183247249043,0.43299000000000004
1802,3.714879856276667,0.43395
1803,3.71694138782843,0.43491
1804,3.719002919380193,0.43587
1805,3.721064450931956,0.43684
1806,3.723125982483719,0.4378
1807,3.7251875140354818,0.43878
1808,3.7272490455872447,0.43976
1809,3.729310577139007,0.44073999999999997
1810,3.73137210869077,0.44171
1811,3.733433640242533,0.44269
1812,3.735495171794296,0.44368
1813,3.737556703346059,0.44467
1814,3.7396182348978217,0.44568
1815,3.7416797664495847,0.44666000000000006
1816,3.743741298001347,0.44766000000000006
1817,3.74580282955311,0.44865999999999995
1818,3.747864361104873,0.44966
1819,3.749925892656636,0.45067
1820,3.751987424208399,0.45167
1821,3.7540489557601617,0.45267999999999997
1822,3.7561104873119247,0.45369000000000004
1823,3.758172018863687,0.45471
1824,3.76023355041545,0.45572999999999997
1825,3.762295081967213,0.45674
1826,3.764356613518976,0.4577800000000001
1827,3.766418145070739,0.4588
1828,3.7684796766225017,0.45982999999999996
1829,3.7705412081742646,0.46085000000000004
1830,3.772602739726027,0.46187999999999996
1831,3.77466427127779,0.46292
1832,3.776725802829553,0.46396000000000004
1833,3.778787334381316,0.46499999999999997
1834,3.780848865933079,0.46603
1835,3.7829103974848417,0.46707
1836,3.7849719290366046,0.46813
1837,3.787033460588367,0.46917
1838,3.78909499214013,0.47021999999999997
1839,3.791156523691893,0.47127
1840,3.793218055243656,0.47232
1841,3.7952795867954188,0.47338
1842,3.7973411183471817,0.47444
1843,3.7994026498989446,0.47551
1844,3.801464181450707,0.47656000000000004
1845,3.80352571300247,0.47763
1846,3.805587244554233,0.47868
1847,3.807648776105996,0.4797600000000001
1848,3.8097103076577588,0.48083
1849,3.8117718392095217,0.48189
1850,3.8138333707612846,0.48297
1851,3.8158949023130475,0.48404
1852,3.81795643386481,0.48512
1853,3.820017965416573,0.48619999999999997
1854,3.822079496968336,0.48726
1855,3.8241410285200987,0.48835
1856,3.8262025600718617,0.48944
1857,3.8282640916236246,0.49051
1858,3.8303256231753875,0.49158999999999997
1859,3.83238715472715,0.49266999999999994
1860,3.834448686278913,0.49376000000000003
1861,3.836510217830676,0.49485
1862,3.8385717493824387,0.4959400000000001
1863,3.8406332809342016,0.49704
1864,3.8426948124859646,0.49813
1865,3.8447563440377275,0.49921000000000004
1866,3.84681787558949,0.50031
1867,3.848879407141253,0.5014
1868,3.850940938693016,0.50249
1869,3.8530024702447787,0.5035799999999999
1870,3.8550640017965416,0.50467
1871,3.8571255333483045,0.50576
1872,3.8591870649000675,0.50686
1873,3.86124859645183,0.50794
1874,3.863310128003593,0.5090399999999999
1875,3.8653716595553558,0.5101399999999999
1876,3.8674331911071187,0.5112300000000001
1877,3.8694947226588816,0.5123199999999999
1878,3.8715562542106445,0.51342
1879,3.8736177857624075,0.51451
1880,3.87567931731417,0.5156
1881,3.877740848865933,0.51669
1882,3.8798023804176958,0.51779
1883,3.8818639119694587,0.51888
1884,3.8839254435212216,0.5199799999999999
1885,3.8859869750729845,0.52106
1886,3.8880485066247474,0.52215
1887,3.89011003817651,0.5232399999999999
1888,3.892171569728273,0.52433
1889,3.8942331012800357,0.5254099999999999
1890,3.8962946328317987,0.5265
1891,3.8983561643835616,0.5275799999999999
1892,3.9004176959353245,0.5286599999999999
1893,3.9024792274870874,0.5297499999999999
1894,3.9045407590388503,0.53082
1895,3.906602290590613,0.5319
1896,3.9086638221423757,0.53299
1897,3.9107253536941387,0.53406
1898,3.9127868852459016,0.5351199999999999
1899,3.9148484167976645,0.5362
1900,3.9169099483494274,0.5372699999999999
1901,3.9189714799011903,0.53833
1902,3.921033011452953,0.5394
1903,3.9230945430047157,0.5404599999999999
1904,3.9251560745564786,0.5415099999999999
1905,3.9272176061082416,0.54257
1906,3.9292791376600045,0.54363
1907,3.9313406692117674,0.5446799999999999
1908,3.9334022007635303,0.54573
1909,3.935463732315293,0.54678
1910,3.9375252638670557,0.54782
1911,3.9395867954188186,0.5488600000000001
1912,3.9416483269705815,0.5499
1913,3.9437098585223445,0.55093
1914,3.9457713900741074,0.55196
1915,3.9478329216258703,0.55298
1916,3.9498944531776328,0.554
1917,3.9519559847293957,0.55503
1918,3.9540175162811586,0.5560400000000001
1919,3.9560790478329215,0.55704
1920,3.9581405793846844,0.55805
1921,3.9602021109364474,0.55905
1922,3.9622636424882103,0.56003
1923,3.9643251740399728,0.56103
1924,3.9663867055917357,0.56202
1925,3.9684482371434986,0.563
1926,3.9705097686952615,0.56397
1927,3.9725713002470244,0.5649500000000001
1928,3.9746328317987873,0.56591
1929,3.9766943633505503,0.56688
1930,3.9787558949023127,0.5678400000000001
1931,3.9808174264540757,0.56877
1932,3.9828789580058386,0.56972
1933,3.9849404895576015,0.57067
1934,3.9870020211093644,0.5716
1935,3.9890635526611273,0.5725200000000001
1936,3.9911250842128903,0.5734400000000001
1937,3.993186615764653,0.57436
1938,3.9952481473164156,0.57527
1939,3.9973096788681786,0.57616
1940,3.9993712104199415,0.57706
1941,4.001432741971704,0.57795
1942,4.003494273523467,0.5788300000000001
1943,4.00555580507523,0.57971
1944,4.007617336626993,0.58057
1945,4.009678868178756,0.58143
1946,4.0117403997305185,0.58228
1947,4.0138019312822815,0.58313
1948,4.015863462834044,0.58397
1949,4.017924994385807,0.5848
1950,4.01998652593757,0.5856300000000001
1951,4.022048057489333,0.5864400000000001
1952,4.024109589041096,0.58725
1953,4.026171120592859,0.5880500000000001
1954,4.028232652144622,0.5888599999999999
1955,4.030294183696384,0.58963
1956,4.032355715248147,0.5903999999999999
1957,4.03441724679991,0.5911799999999999
1958,4.036478778351673,0.59194
1959,4.038540309903436,0.5926899999999999
1960,4.0406018414551985,0.59343
1961,4.042663373006961,0.5941599999999999
1962,4.044724904558724,0.59488
1963,4.046786436110487,0.5956
1964,4.04884796766225,0.5962999999999999
1965,4.050909499214013,0.597
1966,4.052971030765776,0.5977
1967,4.055032562317539,0.59836
1968,4.057094093869302,0.5990300000000001
1969,4.059155625421065,0.5997
1970,4.061217156972827,0.60034
1971,4.06327868852459,0.60098
1972,4.065340220076353,0.6016199999999999
1973,4.067401751628116,0.60224
1974,4.0694632831798785,0.60285
1975,4.071524814731641,0.6034499999999999
1976,4.073586346283404,0.60404
1977,4.075647877835167,0.60463
1978,4.07770940938693,0.6052
1979,4.079770940938693,0.60576
1980,4.081832472490456,0.60631
1981,4.083894004042219,0.60685
1982,4.085955535593982,0.6073799999999999
1983,4.088017067145745,0.60789
1984,4.090078598697507,0.6083999999999999
1985,4.09214013024927,0.60891
1986,4.094201661801033,0.6093999999999999
1987,4.0962631933527955,0.60987
1988,4.0983247249045585,0.6103500000000001
1989,4.100386256456321,0.6108
1990,4.102447788008084,0.61125
1991,4.104509319559847,0.61169
1992,4.10657085111161,0.6121099999999999
1993,4.108632382663373,0.61253
1994,4.110693914215136,0.61293
1995,4.112755445766899,0.61332
1996,4.114816977318662,0.6136999999999999
1997,4.116878508870425,0.61408
1998,4.118940040422187,0.61444
1999,4.12100157197395,0.6148000000000001
2000,4.123063103525713,0.61514
2001,4.1251246350774755,0.6154700000000001
2002,4.127186166629238,0.6157900000000001
2003,4.129247698181001,0.61609
2004,4.131309229732764,0.6163900000000001
2005,4.133370761284527,0.61668
2006,4.13543229283629,0.61695
2007,4.137493824388053,0.61722
2008,4.139555355939816,0.6174700000000001
2009,4.141616887491579,0.6177100000000001
2010,4.143678419043342,0.61794
2011,4.145739950595105,0.61816
2012,4.147801482146868,0.6183700000000001
2013,4.14986301369863,0.6185700000000001
2014,4.151924545250393,0.6187600000000001
2015,4.1539860768021555,0.61895
2016,4.156047608353918,0.61911
2017,4.158109139905681,0.6192700000000001
2018,4.160170671457444,0.61942
2019,4.162232203009207,0.61955
2020,4.16429373456097,0.61968
2021,4.166355266112733,0.6198
2022,4.168416797664496,0.6199
2023,4.170478329216259,0.62
2024,4.172539860768022,0.6200800000000001
2025,4.174601392319785,0.62016
2026,4.176662923871548,0.6202200000000001
2027,4.17872445542331,0.62027
2028,4.1807859869750725,0.6203200000000001
2029,4.1828475185268355,0.6203500000000001
2030,4.184909050078598,0.62038
2031,4.186970581630361,0.62039
2032,4.189032113182124,0.6204000000000001
2033,4.191093644733887,0.6203900000000001
2034,4.19315517628565,0.62038
2035,4.195216707837413,0.6203500000000001
2036,4.197278239389176,0.6203200000000001
2037,4.199339770940939,0.62028
2038,4.201401302492702,0.62024
2039,4.203462834044465,0.6201800000000001
2040,4.2055243655962276,0.62011
2041,4.20758589714799,0.6200300000000001
2042,4.2096474286997525,0.6199500000000001
2043,4.211708960251515,0.6198600000000001
2044,4.213770491803278,0.61975
2045,4.215832023355041,0.6196299999999999
2046,4.217893554906804,0.61952
2047,4.219955086458567,0.61939
2048,4.22201661801033,0.61924
2049,4.224078149562093,0.61911
2050,4.226139681113856,0.61895
2051,4.228201212665619,0.61879
2052,4.230262744217382,0.61862
2053,4.232324275769145,0.61844
2054,4.2343858073209075,0.61826
2055,4.23644733887267,0.61806
2056,4.2385088704244325,0.61786
2057,4.240570401976195,0.61766
2058,4.242631933527958,0.61744
2059,4.244693465079721,0.61722
2060,4.246754996631484,0.61699
2061,4.248816528183247,0.6167499999999999
2062,4.25087805973501,0.61651
2063,4.252939591286773,0.61626
2064,4.255001122838536,0.61601
2065,4.257062654390299,0.61575
2066,4.259124185942062,0.61548
2067,4.261185717493825,0.6152
2068,4.2632472490455875,0.61492
2069,4.26530878059735,0.61463
2070,4.267370312149112,0.61435
2071,4.269431843700875,0.61405
2072,4.271493375252638,0.6137400000000001
2073,4.273554906804401,0.6134200000000001
2074,4.275616438356164,0.61311
2075,4.277677969907927,0.61279
2076,4.27973950145969,0.6124700000000001
2077,4.281801033011453,0.6121300000000001
2078,4.283862564563216,0.6118
2079,4.285924096114979,0.61146
2080,4.287985627666742,0.61112
2081,4.2900471592185045,0.61077
2082,4.2921086907702675,0.61041
2083,4.29417022232203,0.61005
2084,4.296231753873792,0.60969
2085,4.298293285425555,0.60933
2086,4.300354816977318,0.6089699999999999
2087,4.302416348529081,0.60859
2088,4.304477880080844,0.60821
2089,4.306539411632607,0.6078199999999999
2090,4.30860094318437,0.6074499999999999
2091,4.310662474736133,0.6070599999999999
2092,4.312724006287896,0.6066699999999999
2093,4.314785537839659,0.60627
2094,4.316847069391422,0.60586
2095,4.3189086009431845,0.60547
2096,4.320970132494947,0.60507
2097,4.32303166404671,0.6046499999999999
2098,4.325093195598473,0.60425
2099,4.327154727150235,0.6038399999999999
2100,4.329216258701998,0.60341
2101,4.331277790253761,0.603
2102,4.333339321805524,0.6025799999999999
2103,4.335400853357287,0.6021599999999999
2104,4.33746238490905,0.60173
2105,4.339523916460813,0.6013099999999999
2106,4.341585448012576,0.60088
2107,4.343646979564339,0.60045
2108,4.345708511116102,0.6000199999999999
2109,4.3477700426678645,0.59959
2110,4.349831574219627,0.59915
2111,4.35189310577139,0.59872
2112,4.353954637323153,0.5982799999999999
2113,4.356016168874915,0.59785
2114,4.358077700426678,0.59741
2115,4.360139231978441,0.59697
2116,4.362200763530204,0.59653
2117,4.364262295081967,0.59609
2118,4.36632382663373,0.5956499999999999
2119,4.368385358185493,0.5952099999999999
2120,4.370446889737256,0.59476
2121,4.372508421289019,0.5943299999999999
2122,4.3745699528407815,0.59387
2123,4.3766314843925445,0.59343
2124,4.378693015944307,0.59299
2125,4.38075454749607,0.59255
2126,4.382816079047833,0.5921
2127,4.384877610599595,0.59166
2128,4.386939142151358,0.59123
2129,4.389000673703121,0.59078
2130,4.391062205254884,0.59034
2131,4.393123736806647,0.5899
2132,4.39518526835841,0.5894499999999999
2133,4.397246799910173,0.58902
2134,4.399308331461936,0.58857
2135,4.401369863013699,0.58814
2136,4.4034313945654615,0.58769
2137,4.405492926117224,0.58726
2138,4.407554457668987,0.58681
2139,4.40961598922075,0.58638
2140,4.411677520772513,0.5859500000000001
2141,4.413739052324276,0.5855100000000001
2142,4.415800583876038,0.58507
2143,4.417862115427801,0.58465
2144,4.419923646979564,0.58421
2145,4.421985178531327,0.58379
2146,4.42404671008309,0.58335
2147,4.426108241634853,0.5829300000000001
2148,4.428169773186616,0.5825
2149,4.430231304738379,0.58208
2150,4.4322928362901415,0.58166
2151,4.434354367841904,0.5812400000000001
2152,4.436415899393667,0.58081
2153,4.43847743094543,0.5804
2154,4.440538962497193,0.57999
2155,4.442600494048956,0.57957
2156,4.444662025600718,0.5791700000000001
2157,4.446723557152481,0.57875
2158,4.448785088704244,0.57835
2159,4.450846620256007,0.57794
2160,4.45290815180777,0.57754
2161,4.454969683359533,0.5771400000000001
2162,4.457031214911296,0.57674
2163,4.4590927464630585,0.57635
2164,4.4611542780148215,0.57596
2165,4.463215809566584,0.57557
2166,4.465277341118347,0.5751700000000001
2167,4.46733887267011,0.57479
2168,4.469400404221873,0.5744
2169,4.471461935773636,0.57404
2170,4.473523467325398,0.57365
2171,4.475584998877161,0.57328
2172,4.477646530428924,0.5729
2173,4.479708061980687,0.57253
2174,4.48176959353245,0.57216
2175,4.483831125084213,0.5718
2176,4.485892656635976,0.57143
2177,4.4879541881877385,0.57107
2178,4.490015719739501,0.57073
2179,4.492077251291264,0.57036
2180,4.494138782843027,0.57001
2181,4.49620031439479,0.56966
2182,4.498261845946553,0.56932
2183,4.500323377498316,0.56897
2184,4.502384909050079,0.56864
2185,4.504446440601841,0.5683
2186,4.506507972153604,0.56796
2187,4.508569503705367,0.56763
2188,4.51063103525713,0.56731
2189,4.512692566808893,0.56699
2190,4.5147540983606556,0.5666599999999999
2191,4.5168156299124185,0.56633
2192,4.518877161464181,0.56602
2193,4.520938693015944,0.5657099999999999
2194,4.523000224567707,0.5653900000000001
2195,4.52506175611947,0.56509
2196,4.527123287671233,0.56479
2197,4.529184819222996,0.5645
2198,4.531246350774759,0.5642
2199,4.533307882326521,0.5639000000000001
2200,4.535369413878284,0.5636099999999999
2201,4.537430945430047,0.56333
2202,4.53949247698181,0.56304
2203,4.541554008533573,0.56277
2204,4.5436155400853355,0.56248
2205,4.545677071637098,0.5622099999999999
2206,4.547738603188861,0.5619399999999999
2207,4.549800134740624,0.5616699999999999
2208,4.551861666292387,0.56141
2209,4.55392319784415,0.56115
2210,4.555984729395913,0.56091
2211,4.558046260947676,0.5606500000000001
2212,4.560107792499439,0.5604
2213,4.562169324051201,0.56015
2214,4.564230855602964,0.55991
2215,4.566292387154727,0.5596700000000001
2216,4.56835391870649,0.55944
2217,4.570415450258253,0.5592
2218,4.5724769818100155,0.5589700000000001
2219,4.574538513361778,0.5587500000000001
2220,4.576600044913541,0.5585200000000001
2221,4.578661576465304,0.5583
2222,4.580723108017067,0.5580800000000001
2223,4.58278463956883,0.5578700000000001
2224,4.584846171120593,0.55766
2225,4.586907702672356,0.55745
2226,4.588969234224119,0.55725
2227,4.591030765775882,0.55705
2228,4.593092297327644,0.55686
2229,4.595153828879407,0.55666
2230,4.59721536043117,0.5564800000000001
2231,4.5992768919829325,0.5562900000000001
2232,4.6013384235346955,0.5561200000000001
2233,4.603399955086458,0.5559400000000001
2234,4.605461486638221,0.55576
2235,4.607523018189984,0.5555800000000001
2236,4.609584549741747,0.55542
2237,4.61164608129351,0.55525
2238,4.613707612845273,0.5550900000000001
2239,4.615769144397036,0.55494
2240,4.617830675948799,0.55478
2241,4.619892207500562,0.55463
2242,4.621953739052324,0.5544800000000001
2243,4.624015270604087,0.55435
2244,4.62607680215585,0.5542100000000001
2245,4.6281383337076125,0.5540700000000001
2246,4.630199865259375,0.5539400000000001
2247,4.632261396811138,0.55381
2248,4.634322928362901,0.5536800000000001
2249,4.636384459914664,0.55355
2250,4.638445991466427,0.55345
2251,4.64050752301819,0.55333
2252,4.642569054569953,0.5532100000000001
2253,4.644630586121716,0.55311
2254,4.646692117673479,0.55301
2255,4.648753649225242,0.5529000000000001
2256,4.650815180777004,0.5528
2257,4.652876712328767,0.5527
2258,4.65493824388053,0.5526099999999999
2259,4.6569997754322925,0.55252
2260,4.659061306984055,0.5524399999999999
2261,4.661122838535818,0.55235
2262,4.663184370087581,0.55228
2263,4.665245901639344,0.5522
2264,4.667307433191107,0.5521199999999999
2265,4.66936896474287,0.55206
2266,4.671430496294633,0.5519999999999999
2267,4.673492027846396,0.5519299999999999
2268,4.675553559398159,0.5518599999999999
2269,4.677615090949922,0.55182
2270,4.679676622501684,0.55177
2271,4.681738154053447,0.55171
2272,4.6837996856052095,0.55167
2273,4.6858612171569725,0.55163
2274,4.687922748708735,0.5515899999999999
2275,4.689984280260498,0.55155
2276,4.692045811812261,0.55153
2277,4.694107343364024,0.5514899999999999
2278,4.696168874915787,0.55146
2279,4.69823040646755,0.55144
2280,4.700291938019313,0.55143
2281,4.702353469571076,0.5514100000000001
2282,4.704415001122839,0.5514
2283,4.706476532674602,0.5513899999999999
2284,4.708538064226365,0.55138
2285,4.710599595778127,0.55137
2286,4.7126611273298895,0.55138
2287,4.714722658881652,0.5513800000000001
2288,4.716784190433415,0.55139
2289,4.718845721985178,0.55141
2290,4.720907253536941,0.5514199999999999
2291,4.722968785088704,0.5514399999999999
2292,4.725030316640467,0.55145
2293,4.72709184819223,0.55148
2294,4.729153379743993,0.5514999999999999
2295,4.731214911295756,0.55153
2296,4.733276442847519,0.5515599999999999
2297,4.735337974399282,0.55159
2298,4.7373995059510445,0.55163
2299,4.739461037502807,0.5516699999999999
2300,4.7415225690545695,0.55172
2301,4.743584100606332,0.5517699999999999
2302,4.745645632158095,0.55181
2303,4.747707163709858,0.5518599999999999
2304,4.749768695261621,0.55192
2305,4.751830226813384,0.55199
2306,4.753891758365147,0.5520499999999999
2307,4.75595328991691,0.5521099999999999
2308,4.758014821468673,0.5521799999999999
2309,4.760076353020436,0.55225
2310,4.762137884572199,0.5523199999999999
2311,4.764199416123962,0.5524
2312,4.7662609476757245,0.55248
2313,4.7683224792274865,0.5525599999999999
2314,4.7703840107792495,0.55265
2315,4.772445542331012,0.55274
2316,4.774507073882775,0.5528299999999999
2317,4.776568605434538,0.5529299999999999
2318,4.778630136986301,0.55302
2319,4.780691668538064,0.5531299999999999
2320,4.782753200089827,0.55322
2321,4.78481473164159,0.55333
2322,4.786876263193353,0.55345
2323,4.788937794745116,0.55355
2324,4.790999326296879,0.5536699999999999
2325,4.7930608578486416,0.55379
2326,4.7951223894004045,0.5539099999999999
2327,4.797183920952167,0.5540399999999999
2328,4.799245452503929,0.55418
2329,4.801306984055692,0.5543
2330,4.803368515607455,0.55444
2331,4.805430047159218,0.5545800000000001
2332,4.807491578710981,0.5547
2333,4.809553110262744,0.5548500000000001
2334,4.811614641814507,0.5549900000000001
2335,4.81367617336627,0.55514
2336,4.815737704918033,0.55528
2337,4.817799236469796,0.55544
2338,4.819860768021559,0.5556000000000001
2339,4.8219222995733215,0.55575
2340,4.823983831125084,0.55591
2341,4.826045362676847,0.55608
2342,4.828106894228609,0.5562400000000001
2343,4.830168425780372,0.5564100000000001
2344,4.832229957332135,0.55658
2345,4.834291488883898,0.5567500000000001
2346,4.836353020435661,0.55694
2347,4.838414551987424,0.55711
2348,4.840476083539187,0.5573
2349,4.84253761509095,0.55748
2350,4.844599146642713,0.55767
2351,4.846660678194476,0.55785
2352,4.848722209746239,0.5580499999999999
2353,4.8507837412980015,0.5582400000000001
2354,4.852845272849764,0.55844
2355,4.854906804401527,0.5586500000000001
2356,4.856968335953289,0.55885
2357,4.859029867505052,0.55906
2358,4.861091399056815,0.55927
2359,4.863152930608578,0.55947
2360,4.865214462160341,0.55969
2361,4.867275993712104,0.5599000000000001
2362,4.869337525263867,0.56012
2363,4.87139905681563,0.56035
2364,4.873460588367393,0.5605800000000001
2365,4.875522119919156,0.56079
2366,4.8775836514709185,0.56103
2367,4.8796451830226815,0.56127
2368,4.881706714574444,0.5615100000000001
2369,4.883768246126207,0.56174
2370,4.88582977767797,0.5619799999999999
2371,4.887891309229732,0.5622299999999999
2372,4.889952840781495,0.56247
2373,4.892014372333258,0.56272
2374,4.894075903885021,0.56297
2375,4.896137435436784,0.56321
2376,4.898198966988547,0.56348
2377,4.90026049854031,0.5637399999999999
2378,4.902322030092073,0.5639899999999999
2379,4.904383561643836,0.56425
2380,4.9064450931955985,0.56453
2381,4.908506624747361,0.56479
2382,4.910568156299124,0.5650499999999999
2383,4.912629687850887,0.56533
2384,4.91469121940265,0.5656100000000001
2385,4.916752750954412,0.5658899999999999
2386,4.918814282506175,0.56617
2387,4.920875814057938,0.56645
2388,4.922937345609701,0.5667300000000001
2389,4.924998877161464,0.56702
2390,4.927060408713227,0.5673
2391,4.92912194026499,0.5676
2392,4.931183471816753,0.5679
2393,4.933245003368516,0.56819
2394,4.9353065349202785,0.56849
2395,4.937368066472041,0.56879
2396,4.939429598023804,0.5691
2397,4.941491129575567,0.5694
2398,4.94355266112733,0.56971
2399,4.945614192679092,0.5700299999999999
2400,4.947675724230855,0.57034
2401,4.949737255782618,0.57065
2402,4.951798787334381,0.57096
2403,4.953860318886144,0.5713
2404,4.955921850437907,0.57162
2405,4.95798338198967,0.5719500000000001
2406,4.960044913541433,0.57227
2407,4.9621064450931955,0.5726
2408,4.9641679766449585,0.57293
2409,4.966229508196721,0.5732700000000001
2410,4.968291039748484,0.5736100000000001
2411,4.970352571300247,0.5739500000000001
2412,4.97241410285201,0.5742900000000001
2413,4.974475634403773,0.5746300000000001
2414,4.976537165955535,0.57498
2415,4.978598697507298,0.57533
2416,4.980660229059061,0.5756800000000001
2417,4.982721760610824,0.57603
2418,4.984783292162587,0.5763900000000001
2419,4.98684482371435,0.57675
2420,4.988906355266113,0.5771000000000001
2421,4.9909678868178755,0.57747
2422,4.993029418369638,0.57782
2423,4.995090949921401,0.5781900000000001
2424,4.997152481473164,0.5785600000000001
2425,4.999214013024927,0.5789300000000001
2426,5.00127554457669,0.5793100000000001
2427,5.003337076128453,0.57969
2428,5.005398607680215,0.58007
2429,5.007460139231978,0.58045
2430,5.009521670783741,0.5808300000000001
2431,5.011583202335504,0.5812100000000001
2432,5.013644733887267,0.5816
2433,5.01570626543903,0.58198
2434,5.017767796990793,0.58238
2435,5.0198293285425555,0.5827700000000001
2436,5.021890860094318,0.58316
2437,5.023952391646081,0.58357
2438,5.026013923197844,0.58397
2439,5.028075454749607,0.5843799999999999
2440,5.03013698630137,0.5847899999999999
2441,5.032198517853133,0.5851900000000001
2442,5.034260049404895,0.5855899999999999
2443,5.036321580956658,0.5860099999999999
2444,5.038383112508421,0.5864199999999999
2445,5.040444644060184,0.58684
2446,5.042506175611947,0.58725
2447,5.04456770716371,0.5876699999999999
2448,5.0466292387154725,0.5881000000000001
2449,5.0486907702672355,0.5885199999999999
2450,5.050752301818998,0.58894
2451,5.052813833370761,0.58938
2452,5.054875364922524,0.58981
2453,5.056936896474287,0.59023
2454,5.05899842802605,0.59067
2455,5.061059959577813,0.59111
2456,5.063121491129576,0.59155
2457,5.065183022681338,0.59199
2458,5.067244554233101,0.5924400000000001
2459,5.069306085784864,0.59287
2460,5.071367617336627,0.5933299999999999
2461,5.07342914888839,0.59378
2462,5.0754906804401525,0.59424
2463,5.077552211991915,0.5946899999999999
2464,5.079613743543678,0.5951500000000001
2465,5.081675275095441,0.59561
2466,5.083736806647204,0.59606
2467,5.085798338198967,0.59653
2468,5.08785986975073,0.597
2469,5.089921401302493,0.59746
2470,5.091982932854256,0.59793
2471,5.094044464406018,0.59841
2472,5.096105995957781,0.59888
2473,5.098167527509544,0.59935
2474,5.100229059061307,0.59983
2475,5.1022905906130696,0.60031
2476,5.1043521221648325,0.60081
2477,5.106413653716595,0.60129
2478,5.108475185268358,0.60177
2479,5.110536716820121,0.60225
2480,5.112598248371884,0.60275
2481,5.114659779923647,0.60324
2482,5.11672131147541,0.60373
2483,5.118782843027173,0.6042299999999999
2484,5.120844374578936,0.6047299999999999
2485,5.122905906130698,0.6052299999999999
2486,5.124967437682461,0.6057199999999999
2487,5.127028969234224,0.60624
2488,5.129090500785987,0.6067499999999999
2489,5.1311520323377495,0.60725
2490,5.133213563889512,0.60776
2491,5.135275095441275,0.6082799999999999
2492,5.137336626993038,0.6087999999999999
2493,5.139398158544801,0.6093099999999999
2494,5.141459690096564,0.60983
2495,5.143521221648327,0.61035
2496,5.14558275320009,0.61086
2497,5.147644284751853,0.6113999999999999
2498,5.149705816303616,0.6119199999999999
2499,5.151767347855379,0.6124499999999999
2500,5.153828879407141,0.61299
2501,5.155890410958904,0.61352
2502,5.157951942510667,0.6140599999999999
2503,5.1600134740624295,0.6145999999999999
2504,5.162075005614192,0.61513
2505,5.164136537165955,0.6156799999999999
2506,5.166198068717718,0.61622
2507,5.168259600269481,0.6167699999999999
2508,5.170321131821244,0.6173099999999999
2509,5.172382663373007,0.6178699999999999
2510,5.17444419492477,0.61842
2511,5.176505726476533,0.61899
2512,5.178567258028296,0.61953
2513,5.180628789580059,0.62009
2514,5.182690321131821,0.62065
2515,5.184751852683584,0.62122
2516,5.1868133842353465,0.62179
2517,5.1888749157871095,0.6223500000000001
2518,5.190936447338872,0.62292
2519,5.192997978890635,0.62349
2520,5.195059510442398,0.6240600000000001
2521,5.197121041994161,0.62464
2522,5.199182573545924,0.62521
2523,5.201244105097687,0.62579
2524,5.20330563664945,0.62638
2525,5.205367168201213,0.6269600000000001
2526,5.207428699752976,0.6275400000000001
2527,5.209490231304739,0.62813
2528,5.211551762856501,0.62871
2529,5.213613294408264,0.6293000000000001
2530,5.2156748259600265,0.6299
2531,5.217736357511789,0.63049
2532,5.219797889063552,0.6311000000000001
2533,5.221859420615315,0.63169
2534,5.223920952167078,0.6322899999999999
2535,5.225982483718841,0.6329
2536,5.228044015270604,0.6335000000000001
2537,5.230105546822367,0.6341100000000001
2538,5.23216707837413,0.63471
2539,5.234228609925893,0.6353300000000001
2540,5.236290141477656,0.63595
2541,5.238351673029419,0.6365500000000001
2542,5.2404132045811815,0.6371699999999999
2543,5.242474736132944,0.63779
2544,5.2445362676847065,0.63841
2545,5.246597799236469,0.63904
2546,5.248659330788232,0.63967
2547,5.250720862339995,0.64029
2548,5.252782393891758,0.6409199999999999
2549,5.254843925443521,0.6415599999999999
2550,5.256905456995284,0.6421899999999999
2551,5.258966988547047,0.64283
2552,5.26102852009881,0.6434599999999999
2553,5.263090051650573,0.6441
2554,5.265151583202336,0.64474
2555,5.267213114754099,0.64538
2556,5.2692746463058615,0.6460299999999999
2557,5.2713361778576235,0.6466799999999999
2558,5.2733977094093865,0.64733
2559,5.275459240961149,0.64798
2560,5.277520772512912,0.64863
2561,5.279582304064675,0.6492899999999999
2562,5.281643835616438,0.64995
2563,5.283705367168201,0.6506099999999999
2564,5.285766898719964,0.65127
2565,5.287828430271727,0.65193
2566,5.28988996182349,0.65259
2567,5.291951493375253,0.65326
2568,5.294013024927016,0.6539200000000001
2569,5.296074556478779,0.6546
2570,5.2981360880305415,0.65528
2571,5.3001976195823035,0.65596
2572,5.302259151134066,0.65663
2573,5.304320682685829,0.6573
2574,5.306382214237592,0.65799
2575,5.308443745789355,0.6586699999999999
2576,5.310505277341118,0.65936
2577,5.312566808892881,0.66005
2578,5.314628340444644,0.6607399999999999
2579,5.316689871996407,0.66143
2580,5.31875140354817,0.66212
2581,5.320812935099933,0.66283
2582,5.322874466651696,0.6635200000000001
2583,5.3249359982034585,0.66422
2584,5.3269975297552214,0.6649200000000001
2585,5.329059061306984,0.66563
2586,5.331120592858746,0.6663300000000001
2587,5.333182124410509,0.6670400000000001
2588,5.335243655962272,0.6677500000000001
2589,5.337305187514035,0.66846
2590,5.339366719065798,0.66917
2591,5.341428250617561,0.6698900000000001
2592,5.343489782169324,0.6706000000000001
2593,5.345551313721087,0.67133
2594,5.34761284527285,0.67205
2595,5.349674376824613,0.67277
2596,5.351735908376376,0.6734899999999999
2597,5.3537974399281385,0.67422
2598,5.355858971479901,0.67495
2599,5.357920503031664,0.6756800000000001
2600,5.359982034583426,0.67642
2601,5.362043566135189,0.6771500000000001
2602,5.364105097686952,0.6779
2603,5.366166629238715,0.67862
2604,5.368228160790478,0.67937
2605,5.370289692342241,0.68011
2606,5.372351223894004,0.68085
2607,5.374412755445767,0.68161
2608,5.37647428699753,0.68235
2609,5.378535818549293,0.68311
2610,5.3805973501010556,0.68387
2611,5.3826588816528185,0.68461
2612,5.384720413204581,0.68537
2613,5.386781944756344,0.68613
2614,5.388843476308106,0.6869
2615,5.390905007859869,0.6876599999999999
2616,5.392966539411632,0.68844
2617,5.395028070963395,0.6891900000000001
2618,5.397089602515158,0.6899700000000001
2619,5.399151134066921,0.69074
2620,5.401212665618684,0.69152
2621,5.403274197170447,0.69228
2622,5.40533572872221,0.6930599999999999
2623,5.407397260273973,0.69385
2624,5.4094587918257355,0.6946199999999999
2625,5.411520323377498,0.69541
2626,5.413581854929261,0.69619
2627,5.415643386481024,0.69698
2628,5.417704918032787,0.69776
2629,5.419766449584549,0.6985499999999999
2630,5.421827981136312,0.69935
2631,5.423889512688075,0.70014
2632,5.425951044239838,0.70094
2633,5.428012575791601,0.7017399999999999
2634,5.430074107343364,0.70254
2635,5.432135638895127,0.70335
2636,5.43419717044689,0.70416
2637,5.436258701998653,0.7049599999999999
2638,5.4383202335504155,0.7057699999999999
2639,5.440381765102178,0.70658
2640,5.442443296653941,0.7073900000000001
2641,5.444504828205704,0.7082099999999999
2642,5.446566359757467,0.70902
2643,5.448627891309229,0.7098399999999999
2644,5.450689422860992,0.71066
2645,5.452750954412755,0.71148
2646,5.454812485964518,0.7123100000000001
2647,5.456874017516281,0.71314
2648,5.458935549068044,0.71396
2649,5.460997080619807,0.7148100000000001
2650,5.46305861217157,0.71564
2651,5.4651201437233325,0.71647
2652,5.4671816752750955,0.7173
2653,5.469243206826858,0.7181400000000001
2654,5.471304738378621,0.7189800000000001
2655,5.473366269930384,0.71982
2656,5.475427801482147,0.72067
2657,5.477489333033909,0.72151
2658,5.479550864585672,0.7223700000000001
2659,5.481612396137435,0.7232200000000001
2660,5.483673927689198,0.72406
2661,5.485735459240961,0.7249300000000001
2662,5.487796990792724,0.7257800000000001
2663,5.489858522344487,0.72663
2664,5.49192005389625,0.7275000000000001
2665,5.4939815854480125,0.72835
2666,5.496043116999775,0.72921
2667,5.498104648551538,0.7300800000000001
2668,5.500166180103301,0.7309500000000001
2669,5.502227711655064,0.73182
2670,5.504289243206827,0.7326900000000001
2671,5.506350774758589,0.7335600000000001
2672,5.508412306310352,0.7344400000000001
2673,5.510473837862115,0.7353200000000001
2674,5.512535369413878,0.7362000000000001
2675,5.514596900965641,0.7370800000000001
2676,5.516658432517404,0.7379600000000001
2677,5.518719964069167,0.73885
2678,5.52078149562093,0.7397300000000001
2679,5.5228430271726925,0.74063
2680,5.524904558724455,0.74152
2681,5.526966090276218,0.74241
2682,5.529027621827981,0.74332
2683,5.531089153379744,0.74421
2684,5.533150684931507,0.7451000000000001
2685,5.53521221648327,0.7460100000000001
2686,5.537273748035032,0.74691
2687,5.539335279586795,0.7478100000000001
2688,5.541396811138558,0.74872
2689,5.543458342690321,0.74963
2690,5.545519874242084,0.75055
2691,5.547581405793847,0.75145
2692,5.5496429373456095,0.7523599999999999
2693,5.5517044688973725,0.75328
2694,5.553766000449135,0.7542
2695,5.555827532000898,0.75512
2696,5.557889063552661,0.75603
2697,5.559950595104424,0.75695
2698,5.562012126656187,0.7578800000000001
2699,5.56407365820795,0.75881
2700,5.566135189759712,0.7597499999999999
2701,5.568196721311475,0.76068
2702,5.570258252863238,0.76161
2703,5.572319784415001,0.76254
2704,5.574381315966764,0.7634799999999999
2705,5.576442847518527,0.76441
2706,5.5785043790702895,0.76536
2707,5.580565910622052,0.7663
2708,5.582627442173815,0.7672399999999999
2709,5.584688973725578,0.7681899999999999
2710,5.586750505277341,0.76913
2711,5.588812036829104,0.7700899999999999
2712,5.590873568380867,0.7710499999999999
2713,5.59293509993263,0.77199
2714,5.594996631484392,0.7729499999999999
2715,5.597058163036155,0.77391
2716,5.599119694587918,0.7748700000000001
2717,5.601181226139681,0.7758299999999999
2718,5.603242757691444,0.77679
2719,5.605304289243207,0.7777499999999999
2720,5.6073658207949695,0.77872
2721,5.609427352346732,0.7797
2722,5.611488883898495,0.7806599999999999
2723,5.613550415450258,0.7816299999999999
2724,5.615611947002021,0.7826
2725,5.617673478553784,0.7835799999999999
2726,5.619735010105547,0.78455
2727,5.62179654165731,0.78553
2728,5.623858073209073,0.78652
2729,5.625919604760835,0.7874899999999999
2730,5.627981136312598,0.78848
2731,5.630042667864361,0.78947
2732,5.632104199416124,0.79045
2733,5.6341657309678865,0.79145
2734,5.6362272625196495,0.79243
2735,5.638288794071412,0.79343
2736,5.640350325623175,0.79442
2737,5.642411857174938,0.7954199999999999
2738,5.644473388726701,0.79642
2739,5.646534920278464,0.7974199999999999
2740,5.648596451830227,0.79842
2741,5.65065798338199,0.7994199999999999
2742,5.652719514933753,0.8004300000000001
2743,5.654781046485515,0.80144
2744,5.656842578037278,0.80244
2745,5.658904109589041,0.80345
2746,5.660965641140804,0.80448
2747,5.6630271726925665,0.8054800000000001
2748,5.665088704244329,0.8065000000000001
2749,5.667150235796092,0.80752
2750,5.669211767347855,0.8085300000000001
2751,5.671273298899618,0.8095600000000001
2752,5.673334830451381,0.81058
2753,5.675396362003144,0.8116
2754,5.677457893554907,0.81262
2755,5.67951942510667,0.81365
2756,5.681580956658433,0.81468
2757,5.683642488210195,0.81571
2758,5.685704019761958,0.81674
2759,5.687765551313721,0.8177800000000001
2760,5.6898270828654836,0.81881
2761,5.6918886144172465,0.8198500000000001
2762,5.693950145969009,0.82088
2763,5.696011677520772,0.8219299999999999
2764,5.698073209072535,0.8229700000000001
2765,5.700134740624298,0.82401
2766,5.702196272176061,0.82505
2767,5.704257803727824,0.8261000000000001
2768,5.706319335279587,0.82715
2769,5.70838086683135,0.8282
2770,5.710442398383113,0.8292499999999999
2771,5.712503929934876,0.83031
2772,5.714565461486638,0.83135
2773,5.716626993038401,0.8324199999999999
2774,5.7186885245901635,0.83348
2775,5.720750056141926,0.83453
2776,5.722811587693689,0.8356
2777,5.724873119245452,0.83666
2778,5.726934650797215,0.83773
2779,5.728996182348978,0.8387899999999999
2780,5.731057713900741,0.83985
2781,5.733119245452504,0.84091
2782,5.735180777004267,0.84199
2783,5.73724230855603,0.8430599999999999
2784,5.739303840107793,0.84413
2785,5.741365371659556,0.8452
2786,5.743426903211318,0.84628
2787,5.745488434763081,0.84736
2788,5.7475499663148435,0.84843
2789,5.749611497866606,0.8495199999999999
2790,5.751673029418369,0.85059
2791,5.753734560970132,0.85168
2792,5.755796092521895,0.85276
2793,5.757857624073658,0.8538399999999999
2794,5.759919155625421,0.85493
2795,5.761980687177184,0.8560099999999999
2796,5.764042218728947,0.8571
2797,5.76610375028071,0.85819
2798,5.768165281832473,0.85928
2799,5.770226813384236,0.8603799999999999
2800,5.772288344935998,0.86147
2801,5.7743498764877605,0.86256
2802,5.7764114080395235,0.86366
2803,5.778472939591286,0.86476
2804,5.780534471143049,0.8658700000000001
2805,5.782596002694812,0.86697
2806,5.784657534246575,0.86807
2807,5.786719065798338,0.86916
2808,5.788780597350101,0.8702799999999999
2809,5.790842128901864,0.87138
2810,5.792903660453627,0.87248
2811,5.79496519200539,0.8735900000000001
2812,5.797026723557153,0.8747
2813,5.799088255108916,0.87581
2814,5.8011497866606785,0.87692
2815,5.8032113182124405,0.8780300000000001
2816,5.805272849764203,0.8791500000000001
2817,5.807334381315966,0.88026
2818,5.809395912867729,0.88138
2819,5.811457444419492,0.88249
2820,5.813518975971255,0.8836200000000001
2821,5.815580507523018,0.88473
2822,5.817642039074781,0.88585
2823,5.819703570626544,0.8869600000000001
2824,5.821765102178307,0.88809
2825,5.82382663373007,0.8892
2826,5.825888165281833,0.8903300000000001
2827,5.8279496968335955,0.8914500000000001
2828,5.8300112283853585,0.89259
2829,5.8320727599371205,0.8937200000000001
2830,5.834134291488883,0.8948400000000001
2831,5.836195823040646,0.89597
2832,5.838257354592409,0.8971
2833,5.840318886144172,0.89822
2834,5.842380417695935,0.8993699999999999
2835,5.844441949247698,0.9005
2836,5.846503480799461,0.90163
2837,5.848565012351224,0.90277
2838,5.850626543902987,0.9039
2839,5.85268807545475,0.90504
2840,5.854749607006513,0.90617
2841,5.8568111385582755,0.90731
2842,5.858872670110038,0.9084399999999999
2843,5.8609342016618005,0.9095799999999999
2844,5.862995733213563,0.9107300000000002
2845,5.865057264765326,0.91187
2846,5.867118796317089,0.9129999999999999
2847,5.869180327868852,0.9141400000000001
2848,5.871241859420615,0.91528
2849,5.873303390972378,0.91643
2850,5.875364922524141,0.91757
2851,5.877426454075904,0.9187200000000001
2852,5.879487985627667,0.9198599999999999
2853,5.88154951717943,0.92101
2854,5.883611048731193,0.9221499999999999
2855,5.8856725802829555,0.9232999999999999
2856,5.887734111834718,0.92444
2857,5.889795643386481,0.9255999999999999
2858,5.891857174938243,0.92675
2859,5.893918706490006,0.92789
2860,5.895980238041769,0.92904
2861,5.898041769593532,0.9301900000000001
2862,5.900103301145295,0.9313400000000001
2863,5.902164832697058,0.9324899999999999
2864,5.904226364248821,0.9336500000000001
2865,5.906287895800584,0.93479
2866,5.908349427352347,0.9359499999999998
2867,5.91041095890411,0.9371
2868,5.9124724904558725,0.9382599999999999
2869,5.9145340220076354,0.9394100000000001
2870,5.916595553559398,0.94056
2871,5.918657085111161,0.94171
2872,5.920718616662923,0.94286
2873,5.922780148214686,0.94402
2874,5.924841679766449,0.9451799999999999
2875,5.926903211318212,0.9463299999999999
2876,5.928964742869975,0.9474799999999999
2877,5.931026274421738,0.9486399999999999
2878,5.933087805973501,0.9498
2879,5.935149337525264,0.95095
2880,5.937210869077027,0.9521
2881,5.93927240062879,0.9532599999999999
2882,5.9413339321805525,0.95441
2883,5.943395463732315,0.95557
2884,5.945456995284078,0.9567199999999998
2885,5.947518526835841,0.95788
2886,5.949580058387603,0.9590399999999999
2887,5.951641589939366,0.9601999999999999
2888,5.953703121491129,0.9613499999999999
2889,5.955764653042892,0.9624999999999999
2890,5.957826184594655,0.9636499999999999
2891,5.959887716146418,0.96481
2892,5.961949247698181,0.96597
2893,5.964010779249944,0.96713
2894,5.966072310801707,0.96828
2895,5.9681338423534696,0.9694400000000001
2896,5.9701953739052325,0.9705900000000001
2897,5.972256905456995,0.9717500000000001
2898,5.974318437008758,0.9729
2899,5.976379968560521,0.9740500000000001
2900,5.978441500112284,0.9752099999999999
2901,5.980503031664046,0.97636
2902,5.982564563215809,0.9775099999999999
2903,5.984626094767572,0.9786600000000001
2904,5.986687626319335,0.9798100000000001
2905,5.988749157871098,0.98097
2906,5.990810689422861,0.98213
2907,5.992872220974624,0.98326
2908,5.994933752526387,0.9844200000000001
2909,5.9969952840781495,0.98557
2910,5.999056815629912,0.98672
2911,6.001118347181675,0.98787
2912,6.003179878733438,0.98902
2913,6.005241410285201,0.99016
2914,6.007302941836964,0.9913000000000001
2915,6.009364473388726,0.99246
2916,6.011426004940489,0.9936
2917,6.013487536492252,0.99475
2918,6.015549068044015,0.9958899999999999
2919,6.017610599595778,0.9970300000000001
2920,6.019672131147541,0.9981800000000001
2921,6.021733662699304,0.9993100000000001
2922,6.023795194251067,1.0004600000000001
2923,6.0258567258028295,1.0016
2924,6.027918257354592,1.00275
2925,6.029979788906355,1.00388
2926,6.032041320458118,1.00502
2927,6.034102852009881,1.00616
2928,6.036164383561644,1.0072900000000002
2929,6.038225915113406,1.0084300000000002
2930,6.040287446665169,1.00956
2931,6.042348978216932,1.01069
2932,6.044410509768695,1.0118200000000002
2933,6.046472041320458,1.01295
2934,6.048533572872221,1.01409
2935,6.050595104423984,1.0152200000000002
2936,6.0526566359757465,1.01634
2937,6.0547181675275095,1.01746
2938,6.056779699079272,1.01859
2939,6.058841230631035,1.0197100000000001
2940,6.060902762182798,1.02084
2941,6.062964293734561,1.0219600000000002
2942,6.065025825286324,1.0230700000000001
2943,6.067087356838087,1.0242
2944,6.069148888389849,1.02531
2945,6.071210419941612,1.0264300000000002
2946,6.073271951493375,1.0275500000000002
2947,6.075333483045138,1.0286600000000001
2948,6.077395014596901,1.02977
2949,6.079456546148664,1.03088
2950,6.0815180777004265,1.03199
2951,6.083579609252189,1.0331
2952,6.085641140803952,1.0342
2953,6.087702672355715,1.0353099999999997
2954,6.089764203907478,1.03642
2955,6.091825735459241,1.03751
2956,6.093887267011004,1.03861
2957,6.095948798562767,1.0397
2958,6.098010330114529,1.0408
2959,6.100071861666292,1.04189
2960,6.102133393218055,1.04298
2961,6.104194924769818,1.04407
2962,6.106256456321581,1.0451599999999999
2963,6.108317987873344,1.0462399999999998
2964,6.1103795194251065,1.04732
2965,6.112441050976869,1.0484
2966,6.114502582528632,1.04949
2967,6.116564114080395,1.05057
2968,6.118625645632158,1.05165
2969,6.120687177183921,1.05271
2970,6.122748708735684,1.05378
2971,6.124810240287447,1.05485
2972,6.126871771839209,1.05592
2973,6.128933303390972,1.0569899999999999
2974,6.130994834942735,1.05805
2975,6.133056366494498,1.05911
2976,6.135117898046261,1.06016
2977,6.1371794295980235,1.06123
2978,6.1392409611497865,1.0622900000000002
2979,6.141302492701549,1.06334
2980,6.143364024253312,1.06439
2981,6.145425555805075,1.06544
2982,6.147487087356838,1.0664799999999999
2983,6.149548618908601,1.06752
2984,6.151610150460364,1.06856
2985,6.153671682012127,1.0695999999999999
2986,6.15573321356389,1.07064
2987,6.157794745115652,1.07166
2988,6.159856276667415,1.0727
2989,6.161917808219178,1.07373
2990,6.163979339770941,1.07474
2991,6.1660408713227035,1.0757700000000001
2992,6.168102402874466,1.07679
2993,6.170163934426229,1.0778
2994,6.172225465977992,1.0788200000000001
2995,6.174286997529755,1.07982
2996,6.176348529081518,1.08083
2997,6.178410060633281,1.08184
2998,6.180471592185044,1.08284
2999,6.182533123736807,1.08383
3000,6.18459465528857,1.08483
3001,6.186656186840332,1.08582
3002,6.188717718392095,1.0868200000000001
3003,6.190779249943858,1.0877999999999999
3004,6.192840781495621,1.08878
3005,6.1949023130473835,1.0897599999999998
3006,6.196963844599146,1.09075
3007,6.199025376150909,1.09172
3008,6.201086907702672,1.09269
3009,6.203148439254435,1.09367
3010,6.205209970806198,1.09463
3011,6.207271502357961,1.0955899999999998
3012,6.209333033909724,1.09654
3013,6.211394565461487,1.0975
3014,6.21345609701325,1.0984500000000001
3015,6.215517628565012,1.0994
3016,6.217579160116775,1.10034
3017,6.219640691668538,1.1012899999999999
3018,6.2217022232203005,1.10222
3019,6.2237637547720635,1.1031600000000001
3020,6.225825286323826,1.10409
3021,6.227886817875589,1.1050200000000001
3022,6.229948349427352,1.10593
3023,6.232009880979115,1.10686
3024,6.234071412530878,1.10778
3025,6.236132944082641,1.10868
3026,6.238194475634404,1.1096000000000001
3027,6.240256007186167,1.1105
3028,6.24231753873793,1.11141
3029,6.244379070289693,1.1123
3030,6.246440601841455,1.1132000000000002
3031,6.248502133393218,1.11409
3032,6.2505636649449805,1.11497
3033,6.252625196496743,1.1158599999999999
3034,6.254686728048506,1.11675
3035,6.256748259600269,1.11761
3036,6.258809791152032,1.11849
3037,6.260871322703795,1.11936
3038,6.262932854255558,1.1202199999999998
3039,6.264994385807321,1.1210799999999999
3040,6.267055917359084,1.1219299999999999
3041,6.269117448910847,1.12278
3042,6.27117898046261,1.12363
3043,6.273240512014373,1.1244699999999999
3044,6.275302043566135,1.1253099999999998
3045,6.2773635751178976,1.12614
3046,6.2794251066696605,1.1269799999999999
3047,6.281486638221423,1.1278
3048,6.283548169773186,1.12861
3049,6.285609701324949,1.1294399999999998
3050,6.287671232876712,1.1302499999999998
3051,6.289732764428475,1.13106
3052,6.291794295980238,1.1318599999999999
3053,6.293855827532001,1.13266
3054,6.295917359083764,1.13346
3055,6.297978890635527,1.13424
3056,6.30004042218729,1.1350299999999998
3057,6.302101953739053,1.13582
3058,6.304163485290815,1.1365999999999998
3059,6.3062250168425775,1.13736
3060,6.30828654839434,1.13814
3061,6.310348079946103,1.13891
3062,6.312409611497866,1.13967
3063,6.314471143049629,1.1404299999999998
3064,6.316532674601392,1.14117
3065,6.318594206153155,1.14191
3066,6.320655737704918,1.14265
3067,6.322717269256681,1.1433900000000001
3068,6.324778800808444,1.14412
3069,6.326840332360207,1.14486
3070,6.32890186391197,1.14557
3071,6.3309633954637325,1.14628
3072,6.3330249270154955,1.14699
3073,6.3350864585672575,1.14771
3074,6.33714799011902,1.14841
3075,6.339209521670783,1.1491
3076,6.341271053222546,1.1498
3077,6.343332584774309,1.15049
3078,6.345394116326072,1.15117
3079,6.347455647877835,1.15184
3080,6.349517179429598,1.15252
3081,6.351578710981361,1.1531799999999999
3082,6.353640242533124,1.1538499999999998
3083,6.355701774084887,1.1545
3084,6.35776330563665,1.15516
3085,6.3598248371884125,1.1558
3086,6.361886368740175,1.15646
3087,6.3639479002919375,1.1571
3088,6.3660094318437,1.1577300000000001
3089,6.368070963395463,1.15836
3090,6.370132494947226,1.1589800000000001
3091,6.372194026498989,1.1596
3092,6.374255558050752,1.16021
3093,6.376317089602515,1.1608100000000001
3094,6.378378621154278,1.1614200000000001
3095,6.380440152706041,1.16201
3096,6.382501684257804,1.16261
3097,6.384563215809567,1.1631900000000002
3098,6.38662474736133,1.16377
3099,6.3886862789130925,1.16435
3100,6.390747810464855,1.16492
3101,6.392809342016617,1.16548
3102,6.39487087356838,1.16604
3103,6.396932405120143,1.16659
3104,6.398993936671906,1.1671399999999998
3105,6.401055468223669,1.16768
3106,6.403116999775432,1.16822
3107,6.405178531327195,1.1687500000000002
3108,6.407240062878958,1.16927
3109,6.409301594430721,1.1698
3110,6.411363125982484,1.17031
3111,6.413424657534247,1.17082
3112,6.4154861890860095,1.17134
3113,6.4175477206377725,1.1718300000000001
3114,6.419609252189535,1.17232
3115,6.421670783741297,1.17282
3116,6.42373231529306,1.1732900000000002
3117,6.425793846844823,1.17378
3118,6.427855378396586,1.17425
3119,6.429916909948349,1.1747100000000001
3120,6.431978441500112,1.1751800000000001
3121,6.434039973051875,1.1756300000000002
3122,6.436101504603638,1.1760800000000002
3123,6.438163036155401,1.17653
3124,6.440224567707164,1.17696
3125,6.442286099258927,1.1774
3126,6.4443476308106895,1.1778300000000002
3127,6.446409162362452,1.17824
3128,6.448470693914215,1.1786600000000003
3129,6.450532225465978,1.1790700000000003
3130,6.45259375701774,1.17947
3131,6.454655288569503,1.1798700000000002
3132,6.456716820121266,1.1802700000000002
3133,6.458778351673029,1.18066
3134,6.460839883224792,1.18104
3135,6.462901414776555,1.1814200000000001
3136,6.464962946328318,1.1817900000000001
3137,6.467024477880081,1.18216
3138,6.469086009431844,1.18253
3139,6.471147540983607,1.18288
3140,6.4732090725353695,1.18323
3141,6.475270604087132,1.18357
3142,6.477332135638895,1.1839099999999998
3143,6.479393667190658,1.18424
3144,6.48145519874242,1.18456
3145,6.483516730294183,1.18488
3146,6.485578261845946,1.1851999999999998
3147,6.487639793397709,1.18551
3148,6.489701324949472,1.18581
3149,6.491762856501235,1.1861
3150,6.493824388052998,1.1864
3151,6.495885919604761,1.1866899999999998
3152,6.497947451156524,1.18696
3153,6.5000089827082865,1.1872399999999999
3154,6.5020705142600494,1.1875
3155,6.504132045811812,1.1877799999999998
3156,6.506193577363575,1.18803
3157,6.508255108915338,1.18828
3158,6.5103166404671,1.18853
3159,6.512378172018863,1.1887699999999999
3160,6.514439703570626,1.1889999999999998
3161,6.516501235122389,1.18923
3162,6.518562766674152,1.18947
3163,6.520624298225915,1.1896699999999998
3164,6.522685829777678,1.1899
3165,6.524747361329441,1.19011
3166,6.526808892881204,1.1903
3167,6.5288704244329665,1.1905
3168,6.530931955984729,1.1906999999999999
3169,6.532993487536492,1.19088
3170,6.535055019088255,1.19106
3171,6.537116550640018,1.19124
3172,6.539178082191781,1.1914
3173,6.541239613743543,1.1915600000000002
3174,6.543301145295306,1.19173
3175,6.545362676847069,1.19187
3176,6.547424208398832,1.19201
3177,6.549485739950595,1.19216
3178,6.551547271502358,1.19229
3179,6.553608803054121,1.19241
3180,6.5556703346058836,1.19254
3181,6.5577318661576465,1.19265
3182,6.559793397709409,1.19277
3183,6.561854929261172,1.1928800000000002
3184,6.563916460812935,1.19298
3185,6.565977992364698,1.1930699999999999
3186,6.568039523916461,1.19316
3187,6.570101055468223,1.19325
3188,6.572162587019986,1.19333
3189,6.574224118571749,1.19341
3190,6.576285650123512,1.19348
3191,6.578347181675275,1.19355
3192,6.580408713227038,1.19361
3193,6.582470244778801,1.1936600000000002
3194,6.5845317763305635,1.1937
3195,6.586593307882326,1.19375
3196,6.588654839434089,1.19377
3197,6.590716370985852,1.19381
3198,6.592777902537615,1.19384
3199,6.594839434089378,1.1938600000000001
3200,6.596900965641141,1.1938700000000002
3201,6.598962497192903,1.19389
3202,6.601024028744666,1.19388
3203,6.603085560296429,1.1938900000000001
3204,6.605147091848192,1.19388
3205,6.607208623399955,1.1938600000000001
3206,6.609270154951718,1.19385
3207,6.611331686503481,1.19383
3208,6.6133932180552435,1.19381
3209,6.615454749607006,1.19377
3210,6.617516281158769,1.19374
3211,6.619577812710532,1.1936900000000001
3212,6.621639344262295,1.19365
3213,6.623700875814058,1.1936
3214,6.625762407365821,1.1935499999999999
3215,6.627823938917584,1.1934799999999999
3216,6.629885470469346,1.1934099999999999
3217,6.631947002021109,1.1933399999999998
3218,6.634008533572872,1.1932699999999998
3219,6.636070065124635,1.19318
3220,6.638131596676398,1.1930899999999998
3221,6.6401931282281605,1.1929999999999998
3222,6.6422546597799235,1.19291
3223,6.644316191331686,1.19281
3224,6.646377722883449,1.1926999999999999
3225,6.648439254435212,1.1925899999999998
3226,6.650500785986975,1.19247
3227,6.652562317538738,1.1923499999999998
3228,6.654623849090501,1.1922199999999998
3229,6.656685380642264,1.1921
3230,6.658746912194026,1.1919499999999998
3231,6.660808443745789,1.1918199999999999
3232,6.662869975297552,1.19166
3233,6.664931506849315,1.19152
3234,6.666993038401078,1.19137
3235,6.6690545699528405,1.1912099999999999
3236,6.671116101504603,1.1910399999999999
3237,6.673177633056366,1.1908699999999999
3238,6.675239164608129,1.19072
3239,6.677300696159892,1.1905299999999999
3240,6.679362227711655,1.19036
3241,6.681423759263418,1.19018
3242,6.683485290815181,1.1899799999999998
3243,6.685546822366944,1.18979
3244,6.687608353918706,1.1895799999999999
3245,6.689669885470469,1.1893799999999999
3246,6.691731417022232,1.18918
3247,6.693792948573995,1.18896
3248,6.695854480125758,1.1887400000000001
3249,6.6979160116775205,1.18852
3250,6.699977543229283,1.1883
3251,6.702039074781046,1.18807
3252,6.704100606332809,1.18783
3253,6.706162137884572,1.1875900000000001
3254,6.708223669436335,1.18736
3255,6.710285200988098,1.1871
3256,6.712346732539861,1.18685
3257,6.714408264091624,1.18661
3258,6.716469795643387,1.18634
3259,6.718531327195149,1.18608
3260,6.720592858746912,1.1858199999999999
3261,6.722654390298675,1.18554
3262,6.7247159218504375,1.1852800000000001
3263,6.7267774534022005,1.185
3264,6.728838984953963,1.18472
3265,6.730900516505726,1.1844299999999999
3266,6.732962048057489,1.1841400000000002
3267,6.735023579609252,1.18385
3268,6.737085111161015,1.1835499999999999
3269,6.739146642712778,1.1832500000000001
3270,6.741208174264541,1.18294
3271,6.743269705816304,1.18263
3272,6.745331237368067,1.18232
3273,6.747392768919829,1.182
3274,6.749454300471592,1.1816900000000001
3275,6.751515832023355,1.18136
3276,6.7535773635751175,1.18103
3277,6.75563889512688,1.1807
3278,6.757700426678643,1.18037
3279,6.759761958230406,1.18003
3280,6.761823489782169,1.17968
3281,6.763885021333932,1.1793400000000003
3282,6.765946552885695,1.17899
3283,6.768008084437458,1.1786400000000001
3284,6.770069615989221,1.17829
3285,6.772131147540984,1.17793
3286,6.774192679092747,1.1775899999999997
3287,6.776254210644509,1.1772099999999999
3288,6.778315742196272,1.1768399999999999
3289,6.780377273748035,1.17648
3290,6.7824388052997975,1.1761
3291,6.78450033685156,1.1757199999999999
3292,6.786561868403323,1.17534
3293,6.788623399955086,1.17496
3294,6.790684931506849,1.17457
3295,6.792746463058612,1.17418
3296,6.794807994610375,1.17379
3297,6.796869526162138,1.17339
3298,6.798931057713901,1.1729999999999998
3299,6.800992589265664,1.1725899999999998
3300,6.803054120817427,1.1721899999999998
3301,6.80511565236919,1.17178
3302,6.807177183920952,1.1713699999999998
3303,6.8092387154727145,1.1709499999999997
3304,6.8113002470244774,1.17054
3305,6.81336177857624,1.17012
3306,6.815423310128003,1.1697
3307,6.817484841679766,1.1692799999999999
3308,6.819546373231529,1.16885
3309,6.821607904783292,1.16843
3310,6.823669436335055,1.168
3311,6.825730967886818,1.16756
3312,6.827792499438581,1.16714
3313,6.829854030990344,1.1666899999999998
3314,6.831915562542107,1.16625
3315,6.8339770940938696,1.1658000000000002
3316,6.836038625645632,1.16536
3317,6.8381001571973945,1.16491
3318,6.840161688749157,1.16445
3319,6.84222322030092,1.164
3320,6.844284751852683,1.16354
3321,6.846346283404446,1.16309
3322,6.848407814956209,1.1626299999999998
3323,6.850469346507972,1.16217
3324,6.852530878059735,1.16169
3325,6.854592409611498,1.16123
3326,6.856653941163261,1.16076
3327,6.858715472715024,1.16029
3328,6.860777004266787,1.1598199999999999
3329,6.8628385358185495,1.1593499999999999
3330,6.8649000673703116,1.15886
3331,6.8669615989220745,1.15838
3332,6.869023130473837,1.15791
3333,6.8710846620256,1.15743
3334,6.873146193577363,1.15695
3335,6.875207725129126,1.15646
3336,6.877269256680889,1.1559700000000002
3337,6.879330788232652,1.15547
3338,6.881392319784415,1.1549800000000001
3339,6.883453851336178,1.15449
3340,6.885515382887941,1.15399
3341,6.887576914439704,1.15349
3342,6.889638445991467,1.1529900000000002
3343,6.8916999775432295,1.15249
3344,6.893761509094992,1.152
3345,6.895823040646754,1.15148
3346,6.897884572198517,1.15097
3347,6.89994610375028,1.15047
3348,6.902007635302043,1.1499599999999999
3349,6.904069166853806,1.14945
3350,6.906130698405569,1.14894
3351,6.908192229957332,1.14842
3352,6.910253761509095,1.14791
3353,6.912315293060858,1.14739
3354,6.914376824612621,1.14687
3355,6.916438356164384,1.1463600000000003
3356,6.9184998877161465,1.14584
3357,6.9205614192679095,1.1453200000000001
3358,6.922622950819672,1.1448
3359,6.924684482371434,1.14427
3360,6.926746013923197,1.14375
3361,6.92880754547496,1.1432200000000001
3362,6.930869077026723,1.1427
3363,6.932930608578486,1.1421700000000001
3364,6.934992140130249,1.14164
3365,6.937053671682012,1.14111
3366,6.939115203233775,1.1405800000000001
3367,6.941176734785538,1.1400400000000002
3368,6.943238266337301,1.1395100000000002
3369,6.945299797889064,1.1389700000000003
3370,6.9473613294408265,1.13843
3371,6.949422860992589,1.1379000000000001
3372,6.951484392544352,1.13736
3373,6.953545924096114,1.13683
3374,6.955607455647877,1.13628
3375,6.95766898719964,1.13574
3376,6.959730518751403,1.1352000000000002
3377,6.961792050303166,1.13466
3378,6.963853581854929,1.1341299999999999
3379,6.965915113406692,1.1335899999999999
3380,6.967976644958455,1.1330399999999998
3381,6.970038176510218,1.1325
3382,6.972099708061981,1.1319499999999998
3383,6.974161239613744,1.1314099999999998
3384,6.9762227711655065,1.1308699999999998
3385,6.978284302717269,1.13031
3386,6.980345834269032,1.1297700000000002
3387,6.982407365820795,1.12923
3388,6.984468897372557,1.12867
3389,6.98653042892432,1.12812
3390,6.988591960476083,1.12758
3391,6.990653492027846,1.12703
3392,6.992715023579609,1.12648
3393,6.994776555131372,1.1259299999999999
3394,6.996838086683135,1.1253799999999998
3395,6.998899618234898,1.1248299999999998
3396,7.000961149786661,1.12427
3397,7.0030226813384235,1.12372
3398,7.0050842128901865,1.12317
3399,7.007145744441949,1.1226099999999999
3400,7.009207275993712,1.12208
3401,7.011268807545475,1.1215199999999999
3402,7.013330339097237,1.12097
3403,7.015391870649,1.1204100000000001
3404,7.017453402200763,1.1198700000000001
3405,7.019514933752526,1.11931
3406,7.021576465304289,1.11876
3407,7.023637996856052,1.1181999999999999
3408,7.025699528407815,1.11765
3409,7.027761059959578,1.1171
3410,7.029822591511341,1.1165500000000002
3411,7.0318841230631035,1.11599
3412,7.033945654614866,1.11544
3413,7.036007186166629,1.11489
3414,7.038068717718392,1.11433
3415,7.040130249270155,1.1137700000000001
3416,7.042191780821917,1.11322
3417,7.04425331237368,1.11267
3418,7.046314843925443,1.11211
3419,7.048376375477206,1.1115599999999999
3420,7.050437907028969,1.11101
3421,7.052499438580732,1.11045
3422,7.054560970132495,1.1099100000000002
3423,7.056622501684258,1.1093600000000001
3424,7.058684033236021,1.10881
3425,7.0607455647877835,1.10826
3426,7.062807096339546,1.10771
3427,7.064868627891309,1.10717
3428,7.066930159443072,1.10662
3429,7.068991690994835,1.10606
3430,7.071053222546598,1.10552
3431,7.07311475409836,1.1049700000000002
3432,7.075176285650123,1.10442
3433,7.077237817201886,1.1038700000000001
3434,7.079299348753649,1.10332
3435,7.081360880305412,1.10278
3436,7.083422411857175,1.10222
3437,7.085483943408938,1.10168
3438,7.0875454749607005,1.10114
3439,7.0896070065124634,1.10059
3440,7.091668538064226,1.10005
3441,7.093730069615989,1.09951
3442,7.095791601167752,1.09896
3443,7.097853132719515,1.09842
3444,7.099914664271278,1.0978899999999998
3445,7.10197619582304,1.0973499999999998
3446,7.104037727374803,1.0968099999999998
3447,7.106099258926566,1.0962699999999999
3448,7.108160790478329,1.0957299999999999
3449,7.110222322030092,1.0951899999999999
3450,7.112283853581855,1.09465
3451,7.114345385133618,1.09412
3452,7.1164069166853805,1.09358
3453,7.118468448237143,1.0930499999999999
3454,7.120529979788906,1.09252
3455,7.122591511340669,1.09198
3456,7.124653042892432,1.09144
3457,7.126714574444195,1.0909099999999998
3458,7.128776105995958,1.09038
3459,7.13083763754772,1.08985
3460,7.132899169099483,1.08933
3461,7.134960700651246,1.0887999999999998
3462,7.137022232203009,1.0882699999999998
3463,7.139083763754772,1.08774
3464,7.141145295306535,1.08722
3465,7.1432068268582976,1.08669
3466,7.1452683584100605,1.08617
3467,7.147329889961823,1.08565
3468,7.149391421513586,1.08514
3469,7.151452953065349,1.0846099999999999
3470,7.153514484617112,1.08409
3471,7.155576016168875,1.08357
3472,7.157637547720638,1.08306
3473,7.159699079272401,1.08254
3474,7.161760610824163,1.08202
3475,7.163822142375926,1.08151
3476,7.165883673927689,1.081
3477,7.167945205479452,1.08048
3478,7.170006737031215,1.07997
3479,7.1720682685829775,1.07947
3480,7.17412980013474,1.0789600000000001
3481,7.176191331686503,1.07845
3482,7.178252863238266,1.07794
3483,7.180314394790029,1.07744
3484,7.182375926341792,1.07693
3485,7.184437457893555,1.07643
3486,7.186498989445318,1.0759400000000001
3487,7.188560520997081,1.07544
3488,7.190622052548843,1.07494
3489,7.192683584100606,1.07445
3490,7.194745115652369,1.0739400000000001
3491,7.196806647204132,1.07345
3492,7.198868178755895,1.0729600000000001
3493,7.2009297103076575,1.07247
3494,7.20299124185942,1.0719800000000002
3495,7.205052773411183,1.07149
3496,7.207114304962946,1.071
3497,7.209175836514709,1.07051
3498,7.211237368066472,1.07002
3499,7.213298899618235,1.06955
3500,7.215360431169998,1.0690600000000001
3501,7.217421962721761,1.06858
3502,7.219483494273523,1.06809
3503,7.221545025825286,1.06761
3504,7.223606557377049,1.06714
3505,7.225668088928812,1.06667
3506,7.2277296204805745,1.06619
3507,7.2297911520323375,1.06572
3508,7.2318526835841,1.0652400000000002
3509,7.233914215135863,1.0647900000000001
3510,7.235975746687626,1.06431
3511,7.238037278239389,1.0638500000000002
3512,7.240098809791152,1.0633800000000002
3513,7.242160341342915,1.06291
3514,7.244221872894678,1.0624500000000001
3515,7.246283404446441,1.06199
3516,7.248344935998203,1.06153
3517,7.250406467549966,1.06107
3518,7.252467999101729,1.0606100000000003
3519,7.254529530653492,1.06017
3520,7.2565910622052545,1.0597100000000002
3521,7.258652593757017,1.05926
3522,7.26071412530878,1.05881
3523,7.262775656860543,1.0583700000000003
3524,7.264837188412306,1.0579200000000002
3525,7.266898719964069,1.0574700000000001
3526,7.268960251515832,1.05702
3527,7.271021783067595,1.05657
3528,7.273083314619358,1.05615
3529,7.275144846171121,1.05571
3530,7.277206377722884,1.05527
3531,7.279267909274646,1.05483
3532,7.281329440826409,1.0543999999999998
3533,7.283390972378172,1.05397
3534,7.2854525039299345,1.05354
3535,7.287514035481697,1.05311
3536,7.28957556703346,1.0526799999999998
3537,7.291637098585223,1.05226
3538,7.293698630136986,1.0518299999999998
3539,7.295760161688749,1.05141
3540,7.297821693240512,1.051
3541,7.299883224792275,1.05057
3542,7.301944756344038,1.05015
3543,7.304006287895801,1.04973
3544,7.306067819447564,1.0493299999999999
3545,7.308129350999326,1.04891
3546,7.310190882551089,1.04849
3547,7.3122524141028515,1.04808
3548,7.3143139456546145,1.04768
3549,7.316375477206377,1.04728
3550,7.31843700875814,1.04688
3551,7.320498540309903,1.0464799999999999
3552,7.322560071861666,1.04608
3553,7.324621603413429,1.04568
3554,7.326683134965192,1.04528
3555,7.328744666516955,1.04489
3556,7.330806198068718,1.0445
3557,7.332867729620481,1.0441
3558,7.334929261172244,1.04371
3559,7.336990792724006,1.04333
3560,7.339052324275769,1.04295
3561,7.3411138558275315,1.04256
3562,7.343175387379294,1.04217
3563,7.345236918931057,1.0418
3564,7.34729845048282,1.04141
3565,7.349359982034583,1.04104
3566,7.351421513586346,1.04066
3567,7.353483045138109,1.0403
3568,7.355544576689872,1.03992
3569,7.357606108241635,1.03956
3570,7.359667639793398,1.0392000000000001
3571,7.361729171345161,1.0388300000000001
3572,7.363790702896924,1.0384700000000002
3573,7.3658522344486865,1.0381
3574,7.367913766000449,1.0377500000000002
3575,7.3699752975522115,1.0373800000000002
3576,7.372036829103974,1.03702
3577,7.374098360655737,1.03668
3578,7.3761598922075,1.0363200000000001
3579,7.378221423759263,1.03597
3580,7.380282955311026,1.03563
3581,7.382344486862789,1.0352800000000002
3582,7.384406018414552,1.03492
3583,7.386467549966315,1.03458
3584,7.388529081518078,1.0342500000000001
3585,7.390590613069841,1.0339
3586,7.392652144621604,1.03356
3587,7.3947136761733665,1.0332400000000002
3588,7.3967752077251285,1.03289
3589,7.3988367392768914,1.03257
3590,7.400898270828654,1.03225
3591,7.402959802380417,1.03192
3592,7.40502133393218,1.0315899999999998
3593,7.407082865483943,1.03127
3594,7.409144397035706,1.03095
3595,7.411205928587469,1.0306199999999999
3596,7.413267460139232,1.0303099999999998
3597,7.415328991690995,1.02999
3598,7.417390523242758,1.0296699999999999
3599,7.419452054794521,1.0293599999999998
3600,7.4215135863462836,1.0290599999999999
3601,7.4235751178980465,1.0287399999999998
3602,7.4256366494498085,1.0284399999999998
3603,7.427698181001571,1.02813
3604,7.429759712553334,1.02782
3605,7.431821244105097,1.0275299999999998
3606,7.43388277565686,1.0272299999999999
3607,7.435944307208623,1.02693
3608,7.438005838760386,1.02664
3609,7.440067370312149,1.02635
3610,7.442128901863912,1.02606
3611,7.444190433415675,1.02578
3612,7.446251964967438,1.02549
3613,7.448313496519201,1.0252
3614,7.4503750280709635,1.02491
3615,7.452436559622726,1.02463
3616,7.454498091174489,1.0243499999999999
3617,7.456559622726251,1.02407
3618,7.458621154278014,1.0238
3619,7.460682685829777,1.02353
3620,7.46274421738154,1.02326
3621,7.464805748933303,1.02298
3622,7.466867280485066,1.02271
3623,7.468928812036829,1.02246
3624,7.470990343588592,1.02219
3625,7.473051875140355,1.02193
3626,7.475113406692118,1.02167
3627,7.477174938243881,1.0214
3628,7.4792364697956435,1.0211700000000001
3629,7.481298001347406,1.02091
3630,7.483359532899169,1.02065
3631,7.485421064450931,1.02041
3632,7.487482596002694,1.02016
3633,7.489544127554457,1.01991
3634,7.49160565910622,1.01967
3635,7.493667190657983,1.01942
3636,7.495728722209746,1.0191800000000002
3637,7.497790253761509,1.01895
3638,7.499851785313272,1.01871
3639,7.501913316865035,1.01848
3640,7.503974848416798,1.01824
3641,7.5060363799685605,1.018
3642,7.5080979115203235,1.01779
3643,7.510159443072086,1.01756
3644,7.512220974623849,1.01732
3645,7.514282506175611,1.01712
3646,7.516344037727374,1.01689
3647,7.518405569279137,1.01667
3648,7.5204671008309,1.01646
3649,7.522528632382663,1.0162399999999998
3650,7.524590163934426,1.0160399999999998
3651,7.526651695486189,1.0158299999999998
3652,7.528713227037952,1.0156199999999997
3653,7.530774758589715,1.01541
3654,7.532836290141478,1.0151999999999999
3655,7.5348978216932405,1.01501
3656,7.536959353245003,1.0148
3657,7.539020884796766,1.0145899999999999
3658,7.541082416348529,1.0144
3659,7.543143947900292,1.0141999999999998
3660,7.545205479452054,1.01402
3661,7.547267011003817,1.01383
3662,7.54932854255558,1.0136399999999999
3663,7.551390074107343,1.01345
3664,7.553451605659106,1.0132599999999998
3665,7.555513137210869,1.01308
3666,7.557574668762632,1.0129
3667,7.559636200314395,1.01273
3668,7.561697731866158,1.01256
3669,7.5637592634179205,1.0123799999999998
3670,7.565820794969683,1.01221
3671,7.567882326521446,1.01203
3672,7.569943858073209,1.01186
3673,7.572005389624972,1.0117
3674,7.574066921176734,1.01153
3675,7.576128452728497,1.0113699999999999
3676,7.57818998428026,1.01121
3677,7.580251515832023,1.01106
3678,7.582313047383786,1.0109
3679,7.584374578935549,1.01074
3680,7.586436110487312,1.01059
3681,7.588497642039075,1.01043
3682,7.5905591735908375,1.01029
3683,7.5926207051426005,1.01013
3684,7.594682236694363,1.0099799999999999
3685,7.596743768246126,1.00984
3686,7.598805299797889,1.00971
3687,7.600866831349652,1.00957
3688,7.602928362901414,1.00943
3689,7.604989894453177,1.0093
3690,7.60705142600494,1.00916
3691,7.609112957556703,1.00903
3692,7.611174489108466,1.00891
3693,7.613236020660229,1.0087700000000002
3694,7.615297552211992,1.00865
3695,7.617359083763755,1.00852
3696,7.6194206153155175,1.0084
3697,7.62148214686728,1.00828
3698,7.623543678419043,1.00815
3699,7.625605209970806,1.0080399999999998
3700,7.627666741522569,1.00792
3701,7.629728273074332,1.00782
3702,7.631789804626095,1.0077
3703,7.633851336177857,1.0076
3704,7.63591286772962,1.00749
3705,7.637974399281383,1.0074
3706,7.640035930833146,1.00729
3707,7.642097462384909,1.00719
3708,7.644158993936672,1.00709
3709,7.646220525488435,1.00699
3710,7.6482820570401975,1.0069000000000001
3711,7.65034358859196,1.0068000000000001
3712,7.652405120143723,1.00672
3713,7.654466651695486,1.0066300000000001
3714,7.656528183247249,1.0065400000000002
3715,7.658589714799012,1.00645
3716,7.660651246350775,1.0063600000000001
3717,7.662712777902537,1.00629
3718,7.6647743094543,1.00621
3719,7.666835841006063,1.0061300000000002
3720,7.668897372557826,1.00605
3721,7.670958904109589,1.00598
3722,7.673020435661352,1.00591
3723,7.6750819672131145,1.00585
3724,7.6771434987648774,1.0057699999999998
3725,7.67920503031664,1.0057099999999999
3726,7.681266561868403,1.00565
3727,7.683328093420166,1.00558
3728,7.685389624971929,1.00552
3729,7.687451156523692,1.00546
3730,7.689512688075455,1.0054
3731,7.691574219627217,1.00535
3732,7.69363575117898,1.0052999999999999
3733,7.695697282730743,1.00524
3734,7.697758814282506,1.0052
3735,7.699820345834269,1.00515
3736,7.701881877386032,1.00511
3737,7.7039434089377945,1.00505
3738,7.706004940489557,1.00501
3739,7.70806647204132,1.00497
3740,7.710128003593083,1.00494
3741,7.712189535144846,1.0049
3742,7.714251066696609,1.00487
3743,7.716312598248372,1.00484
3744,7.718374129800135,1.00481
3745,7.720435661351898,1.00478
3746,7.72249719290366,1.00475
3747,7.724558724455423,1.0047300000000001
3748,7.726620256007186,1.0047
3749,7.728681787558949,1.00469
3750,7.7307433191107116,1.00466
3751,7.7328048506624745,1.00465
3752,7.734866382214237,1.00463
3753,7.736927913766,1.0046199999999998
3754,7.738989445317763,1.0046000000000002
3755,7.741050976869526,1.0046
3756,7.743112508421289,1.00459
3757,7.745174039973052,1.00458
3758,7.747235571524815,1.00457
3759,7.749297103076578,1.00458
3760,7.75135863462834,1.00458
3761,7.753420166180103,1.00458
3762,7.755481697731866,1.00458
3763,7.757543229283629,1.00459
3764,7.7596047608353915,1.00459
3765,7.761666292387154,1.0046100000000002
3766,7.763727823938917,1.0046100000000002
3767,7.76578935549068,1.00462
3768,7.767850887042443,1.0046300000000001
3769,7.769912418594206,1.00466
3770,7.771973950145969,1.00466
3771,7.774035481697732,1.00469
3772,7.776097013249495,1.0047
3773,7.778158544801258,1.0047300000000001
3774,7.78022007635302,1.00475
3775,7.782281607904783,1.00478
3776,7.784343139456546,1.0048100000000002
3777,7.786404671008309,1.00485
3778,7.7884662025600715,1.00488
3779,7.790527734111834,1.00491
3780,7.792589265663597,1.00494
3781,7.79465079721536,1.00498
3782,7.796712328767123,1.00501
3783,7.798773860318886,1.00507
3784,7.800835391870649,1.0050999999999999
3785,7.802896923422412,1.00514
3786,7.804958454974175,1.0051899999999998
3787,7.807019986525938,1.00524
3788,7.809081518077701,1.00529
3789,7.811143049629463,1.00534
3790,7.813204581181226,1.00539
3791,7.8152661127329885,1.00545
3792,7.8173276442847515,1.0055
3793,7.819389175836514,1.00556
3794,7.821450707388277,1.00561
3795,7.82351223894004,1.00569
3796,7.825573770491803,1.00575
3797,7.827635302043566,1.00582
3798,7.829696833595329,1.00589
3799,7.831758365147092,1.00595
3800,7.833819896698855,1.00604
3801,7.835881428250618,1.0061
3802,7.837942959802381,1.00618
3803,7.840004491354143,1.00625
3804,7.842066022905906,1.00633
3805,7.8441275544576685,1.00641
3806,7.846189086009431,1.00649
3807,7.848250617561194,1.00657
3808,7.850312149112957,1.00665
3809,7.85237368066472,1.00674
3810,7.854435212216483,1.00683
3811,7.856496743768246,1.00692
3812,7.858558275320009,1.00701
3813,7.860619806871772,1.00711
3814,7.862681338423535,1.0072100000000002
3815,7.864742869975298,1.0073100000000001
3816,7.866804401527061,1.0074
3817,7.868865933078823,1.0075100000000001
3818,7.870927464630586,1.0076100000000001
3819,7.8729889961823485,1.0077099999999999
3820,7.875050527734111,1.00781
3821,7.877112059285874,1.00793
3822,7.879173590837637,1.0080200000000001
3823,7.8812351223894,1.00814
3824,7.883296653941163,1.00825
3825,7.885358185492926,1.00837
3826,7.887419717044689,1.00847
3827,7.889481248596452,1.0086
3828,7.891542780148215,1.00872
3829,7.893604311699978,1.00884
3830,7.895665843251741,1.0089700000000001
3831,7.8977273748035035,1.00909
3832,7.8997889063552655,1.0092200000000002
3833,7.9018504379070285,1.0093400000000001
3834,7.903911969458791,1.00947
3835,7.905973501010554,1.0096
3836,7.908035032562317,1.00974
3837,7.91009656411408,1.0098600000000002
3838,7.912158095665843,1.01
3839,7.914219627217606,1.01015
3840,7.916281158769369,1.01028
3841,7.918342690321132,1.01043
3842,7.920404221872895,1.0105600000000001
3843,7.922465753424658,1.01071
3844,7.924527284976421,1.01085
3845,7.9265888165281835,1.0110000000000001
3846,7.9286503480799455,1.0111500000000002
3847,7.930711879631708,1.01131
3848,7.932773411183471,1.0114699999999999
3849,7.934834942735234,1.01162
3850,7.936896474286997,1.01178
3851,7.93895800583876,1.01193
3852,7.941019537390523,1.01209
3853,7.943081068942286,1.0122499999999999
3854,7.945142600494049,1.0124099999999998
3855,7.947204132045812,1.01258
3856,7.949265663597575,1.01274
3857,7.951327195149338,1.01291
3858,7.9533887267011005,1.01308
3859,7.9554502582528634,1.01325
3860,7.9575117898046255,1.01342
3861,7.959573321356388,1.01359
3862,7.961634852908151,1.01377
3863,7.963696384459914,1.01395
3864,7.965757916011677,1.01413
3865,7.96781944756344,1.01431
3866,7.969880979115203,1.01449
3867,7.971942510666966,1.01467
3868,7.974004042218729,1.0148599999999999
3869,7.976065573770492,1.01505
3870,7.978127105322255,1.0152400000000001
3871,7.980188636874018,1.01543
3872,7.9822501684257805,1.0156100000000001
3873,7.984311699977543,1.01581
3874,7.986373231529306,1.016
3875,7.988434763081068,1.0162
3876,7.990496294632831,1.01641
3877,7.992557826184594,1.01659
3878,7.994619357736357,1.0168
3879,7.99668088928812,1.01699
3880,7.998742420839883,1.0172
3881,8.000803952391646,1.0174200000000002
3882,8.002865483943408,1.01763
3883,8.004927015495172,1.01784
3884,8.006988547046934,1.0180500000000001
3885,8.009050078598698,1.0182600000000002
3886,8.01111161015046,1.01847
3887,8.013173141702223,1.01869
3888,8.015234673253985,1.0189100000000002
3889,8.01729620480575,1.01912
3890,8.019357736357511,1.01935
3891,8.021419267909275,1.01956
3892,8.023480799461037,1.01979
3893,8.025542331012801,1.02001
3894,8.027603862564563,1.02024
3895,8.029665394116327,1.02047
3896,8.031726925668089,1.02069
3897,8.03378845721985,1.0209300000000001
3898,8.035849988771615,1.0211599999999998
3899,8.037911520323377,1.0213999999999999
3900,8.03997305187514,1.0216399999999999
3901,8.042034583426902,1.02187
3902,8.044096114978666,1.0221099999999999
3903,8.046157646530428,1.0223399999999998
3904,8.048219178082192,1.0225899999999999
3905,8.050280709633954,1.02284
3906,8.052342241185718,1.02308
3907,8.05440377273748,1.0233299999999999
3908,8.056465304289244,1.0235699999999999
3909,8.058526835841006,1.02382
3910,8.060588367392768,1.0240799999999999
3911,8.062649898944532,1.02432
3912,8.064711430496294,1.02459
3913,8.066772962048057,1.0248399999999998
3914,8.06883449359982,1.0251
3915,8.070896025151583,1.0253700000000001
3916,8.072957556703345,1.02562
3917,8.07501908825511,1.02589
3918,8.077080619806871,1.02614
3919,8.079142151358635,1.0264099999999998
3920,8.081203682910397,1.02668
3921,8.08326521446216,1.02694
3922,8.085326746013923,1.02722
3923,8.087388277565687,1.02748
3924,8.089449809117449,1.02775
3925,8.09151134066921,1.02804
3926,8.093572872220975,1.0283
3927,8.095634403772737,1.0285900000000001
3928,8.0976959353245,1.02885
3929,8.099757466876262,1.02914
3930,8.101818998428026,1.02943
3931,8.103880529979788,1.0297100000000001
3932,8.105942061531552,1.0299900000000002
3933,8.108003593083314,1.03028
3934,8.110065124635078,1.03057
3935,8.11212665618684,1.03086
3936,8.114188187738604,1.0311400000000002
3937,8.116249719290366,1.03143
3938,8.11831125084213,1.03174
3939,8.120372782393892,1.0320200000000002
3940,8.122434313945654,1.0323200000000001
3941,8.124495845497417,1.03262
3942,8.12655737704918,1.03292
3943,8.128618908600943,1.03322
3944,8.130680440152705,1.0335100000000002
3945,8.132741971704469,1.03382
3946,8.134803503256231,1.03414
3947,8.136865034807995,1.03444
3948,8.138926566359757,1.0347499999999998
3949,8.14098809791152,1.0350599999999999
3950,8.143049629463283,1.03537
3951,8.145111161015047,1.03569
3952,8.147172692566809,1.03599
3953,8.14923422411857,1.0363099999999998
3954,8.151295755670334,1.0366399999999998
3955,8.153357287222097,1.03695
3956,8.15541881877386,1.03727
3957,8.157480350325622,1.0375899999999998
3958,8.159541881877386,1.0379099999999999
3959,8.161603413429148,1.0382399999999998
3960,8.163664944980912,1.0385499999999999
3961,8.165726476532674,1.0388899999999999
3962,8.167788008084438,1.03922
3963,8.1698495396362,1.03955
3964,8.171911071187964,1.03988
3965,8.173972602739726,1.04022
3966,8.17603413429149,1.0405499999999999
3967,8.178095665843252,1.0408899999999999
3968,8.180157197395014,1.04121
3969,8.182218728946777,1.04155
3970,8.18428026049854,1.04191
3971,8.186341792050303,1.04224
3972,8.188403323602065,1.0425799999999998
3973,8.190464855153829,1.04293
3974,8.192526386705591,1.04327
3975,8.194587918257355,1.04362
3976,8.196649449809117,1.04397
3977,8.19871098136088,1.04431
3978,8.200772512912643,1.04466
3979,8.202834044464407,1.04502
3980,8.204895576016169,1.04538
3981,8.206957107567932,1.0457400000000001
3982,8.209018639119694,1.0460900000000002
3983,8.211080170671456,1.04645
3984,8.21314170222322,1.04681
3985,8.215203233774982,1.04716
3986,8.217264765326746,1.0475400000000001
3987,8.219326296878508,1.0479
3988,8.221387828430272,1.04825
3989,8.223449359982034,1.04863
3990,8.225510891533798,1.04899
3991,8.22757242308556,1.04936
3992,8.229633954637324,1.04973
3993,8.231695486189086,1.0501
3994,8.23375701774085,1.0504900000000001
3995,8.235818549292611,1.0508700000000002
3996,8.237880080844374,1.05123
3997,8.239941612396137,1.0516100000000002
3998,8.2420031439479,1.0519900000000002
3999,8.244064675499663,1.05237
4000,8.246126207051425,1.0527600000000001
4001,8.248187738603189,1.0531400000000002
4002,8.250249270154951,1.0535200000000002
4003,8.252310801706715,1.0539
4004,8.254372333258477,1.0543000000000002
4005,8.25643386481024,1.05468
4006,8.258495396362003,1.05508
4007,8.260556927913767,1.05546
4008,8.262618459465529,1.05585
4009,8.264679991017292,1.0562500000000001
4010,8.266741522569054,1.0566499999999999
4011,8.268803054120816,1.0570499999999998
4012,8.27086458567258,1.05745
4013,8.272926117224342,1.0578400000000001
4014,8.274987648776106,1.0582399999999998
4015,8.277049180327868,1.0586499999999999
4016,8.279110711879632,1.05904
4017,8.281172243431394,1.05946
4018,8.283233774983158,1.0598699999999999
4019,8.28529530653492,1.06026
4020,8.287356838086684,1.0606799999999998
4021,8.289418369638446,1.0610899999999999
4022,8.29147990119021,1.0614999999999999
4023,8.293541432741971,1.06192
4024,8.295602964293735,1.06233
4025,8.297664495845497,1.06275
4026,8.29972602739726,1.06317
4027,8.301787558949023,1.06359
4028,8.303849090500785,1.06401
4029,8.305910622052549,1.06443
4030,8.307972153604311,1.06486
4031,8.310033685156075,1.06527
4032,8.312095216707837,1.0657
4033,8.3141567482596,1.06612
4034,8.316218279811363,1.0665499999999999
4035,8.318279811363126,1.06698
4036,8.320341342914888,1.06742
4037,8.322402874466652,1.06784
4038,8.324464406018414,1.0682800000000001
4039,8.326525937570176,1.06872
4040,8.32858746912194,1.06914
4041,8.330649000673702,1.06959
4042,8.332710532225466,1.07003
4043,8.334772063777228,1.07047
4044,8.336833595328992,1.07091
4045,8.338895126880754,1.07135
4046,8.340956658432518,1.07179
4047,8.34301818998428,1.0722300000000002
4048,8.345079721536043,1.0726900000000001
4049,8.347141253087806,1.0731300000000001
4050,8.34920278463957,1.07359
4051,8.351264316191331,1.07403
4052,8.353325847743095,1.0744900000000002
4053,8.355387379294857,1.0749300000000002
4054,8.35744891084662,1.07539
4055,8.359510442398383,1.07585
4056,8.361571973950145,1.0762999999999998
4057,8.363633505501909,1.07677
4058,8.365695037053671,1.07723
4059,8.367756568605435,1.07768
4060,8.369818100157197,1.07815
4061,8.37187963170896,1.07862
4062,8.373941163260723,1.0790799999999998
4063,8.376002694812486,1.07954
4064,8.378064226364248,1.08001
4065,8.380125757916012,1.08047
4066,8.382187289467774,1.0809399999999998
4067,8.384248821019538,1.0814199999999998
4068,8.3863103525713,1.0818899999999998
4069,8.388371884123062,1.08236
4070,8.390433415674826,1.0828399999999998
4071,8.392494947226588,1.08332
4072,8.394556478778352,1.0837999999999999
4073,8.396618010330114,1.08428
4074,8.398679541881878,1.08476
4075,8.40074107343364,1.08524
4076,8.402802604985403,1.08572
4077,8.404864136537165,1.0862100000000001
4078,8.40692566808893,1.08669
4079,8.408987199640691,1.08718
4080,8.411048731192455,1.0876599999999998
4081,8.413110262744217,1.08815
4082,8.41517179429598,1.0886500000000001
4083,8.417233325847743,1.08913
4084,8.419294857399505,1.08962
4085,8.421356388951269,1.09013
4086,8.42341792050303,1.09063
4087,8.425479452054795,1.09112
4088,8.427540983606557,1.09162
4089,8.42960251515832,1.09212
4090,8.431664046710083,1.09262
4091,8.433725578261846,1.09311
4092,8.435787109813608,1.09362
4093,8.437848641365372,1.09413
4094,8.439910172917134,1.0946300000000002
4095,8.441971704468898,1.09513
4096,8.44403323602066,1.09564
4097,8.446094767572422,1.09615
4098,8.448156299124186,1.09666
4099,8.450217830675948,1.09717
4100,8.452279362227712,1.0977
4101,8.454340893779474,1.09821
4102,8.456402425331238,1.09873
4103,8.458463956883,1.0992499999999998
4104,8.460525488434763,1.0997599999999998
4105,8.462587019986525,1.10028
4106,8.46464855153829,1.1008
4107,8.466710083090051,1.1013199999999999
4108,8.468771614641815,1.10184
4109,8.470833146193577,1.1023599999999998
4110,8.47289467774534,1.10289
4111,8.474956209297103,1.1034099999999998
4112,8.477017740848865,1.10394
4113,8.479079272400629,1.10448
4114,8.48114080395239,1.105
4115,8.483202335504155,1.1055499999999998
4116,8.485263867055917,1.1060699999999999
4117,8.48732539860768,1.1065999999999998
4118,8.489386930159442,1.1071499999999999
4119,8.491448461711206,1.10768
4120,8.493509993262968,1.10822
4121,8.495571524814732,1.10875
4122,8.497633056366494,1.1093
4123,8.499694587918258,1.10984
4124,8.50175611947002,1.11037
4125,8.503817651021782,1.11092
4126,8.505879182573546,1.11147
4127,8.507940714125308,1.11201
4128,8.510002245677072,1.11256
4129,8.512063777228834,1.1131199999999999
4130,8.514125308780597,1.11367
4131,8.51618684033236,1.11422
4132,8.518248371884123,1.11477
4133,8.520309903435885,1.11532
4134,8.52237143498765,1.11587
4135,8.524432966539411,1.11643
4136,8.526494498091175,1.1169900000000001
4137,8.528556029642937,1.11755
4138,8.5306175611947,1.1181100000000002
4139,8.532679092746463,1.11866
4140,8.534740624298225,1.11923
4141,8.536802155849989,1.11979
4142,8.53886368740175,1.1203500000000002
4143,8.540925218953515,1.12093
4144,8.542986750505277,1.1215
4145,8.54504828205704,1.12206
4146,8.547109813608802,1.12263
4147,8.549171345160566,1.12321
4148,8.551232876712328,1.1237700000000002
4149,8.553294408264092,1.1243500000000002
4150,8.555355939815854,1.1249200000000001
4151,8.557417471367618,1.1255000000000002
4152,8.55947900291938,1.1260700000000001
4153,8.561540534471144,1.1266500000000002
4154,8.563602066022906,1.1272300000000002
4155,8.565663597574668,1.12782
4156,8.567725129126432,1.1283800000000002
4157,8.569786660678194,1.12897
4158,8.571848192229957,1.12957
4159,8.57390972378172,1.13015
4160,8.575971255333483,1.13073
4161,8.578032786885245,1.1313199999999999
4162,8.580094318437009,1.13191
4163,8.582155849988771,1.1325
4164,8.584217381540535,1.13309
4165,8.586278913092297,1.1336799999999998
4166,8.58834044464406,1.13427
4167,8.590401976195823,1.13486
4168,8.592463507747585,1.13546
4169,8.594525039299349,1.13607
4170,8.59658657085111,1.13665
4171,8.598648102402874,1.13725
4172,8.600709633954637,1.13787
4173,8.6027711655064,1.13847
4174,8.604832697058162,1.13907
4175,8.606894228609926,1.13967
4176,8.608955760161688,1.14028
4177,8.611017291713452,1.14088
4178,8.613078823265214,1.14149
4179,8.615140354816978,1.1420899999999998
4180,8.61720188636874,1.14271
4181,8.619263417920504,1.1433099999999998
4182,8.621324949472266,1.14393
4183,8.623386481024028,1.14455
4184,8.625448012575792,1.14516
4185,8.627509544127554,1.1457700000000002
4186,8.629571075679317,1.1463900000000002
4187,8.63163260723108,1.14702
4188,8.633694138782843,1.1476300000000001
4189,8.635755670334605,1.14825
4190,8.637817201886369,1.14887
4191,8.639878733438131,1.1495
4192,8.641940264989895,1.15011
4193,8.644001796541657,1.15074
4194,8.64606332809342,1.15137
4195,8.648124859645183,1.15199
4196,8.650186391196947,1.1526200000000002
4197,8.652247922748709,1.15325
4198,8.65430945430047,1.15389
4199,8.656370985852234,1.15452
4200,8.658432517403996,1.15515
4201,8.66049404895576,1.15579
4202,8.662555580507522,1.1564199999999998
4203,8.664617112059286,1.1570699999999998
4204,8.666678643611048,1.1577
4205,8.668740175162812,1.15834
4206,8.670801706714574,1.15897
4207,8.672863238266338,1.1596099999999998
4208,8.6749247698181,1.16025
4209,8.676986301369864,1.1609
4210,8.679047832921626,1.1615399999999998
4211,8.681109364473388,1.16218
4212,8.683170896025151,1.16283
4213,8.685232427576913,1.1635
4214,8.687293959128677,1.16415
4215,8.68935549068044,1.1647899999999998
4216,8.691417022232203,1.16544
4217,8.693478553783965,1.1661
4218,8.695540085335729,1.16675
4219,8.697601616887491,1.1674
4220,8.699663148439255,1.1680599999999999
4221,8.701724679991017,1.16871
4222,8.70378621154278,1.1693799999999999
4223,8.705847743094543,1.17002
4224,8.707909274646306,1.1706899999999998
4225,8.709970806198069,1.17135
4226,8.71203233774983,1.17203
4227,8.714093869301594,1.17269
4228,8.716155400853356,1.17334
4229,8.71821693240512,1.17402
4230,8.720278463956882,1.17469
4231,8.722339995508646,1.1753500000000001
4232,8.724401527060408,1.17602
4233,8.726463058612172,1.17669
4234,8.728524590163934,1.17737
4235,8.730586121715698,1.17803
4236,8.73264765326746,1.1787100000000001
4237,8.734709184819224,1.17938
4238,8.736770716370986,1.1800599999999999
4239,8.73883224792275,1.18073
4240,8.740893779474511,1.1814200000000001
4241,8.742955311026273,1.18211
4242,8.745016842578037,1.18279
4243,8.7470783741298,1.1834600000000002
4244,8.749139905681563,1.18415
4245,8.751201437233325,1.18483
4246,8.753262968785089,1.1855200000000001
4247,8.755324500336851,1.1862000000000001
4248,8.757386031888615,1.18688
4249,8.759447563440377,1.18757
4250,8.76150909499214,1.18827
4251,8.763570626543903,1.1889500000000002
4252,8.765632158095666,1.18964
4253,8.767693689647428,1.19035
4254,8.76975522119919,1.1910399999999999
4255,8.771816752750954,1.19173
4256,8.773878284302716,1.19243
4257,8.77593981585448,1.19313
4258,8.778001347406242,1.19383
4259,8.780062878958006,1.1945299999999999
4260,8.782124410509768,1.19522
4261,8.784185942061532,1.1959199999999999
4262,8.786247473613294,1.19664
4263,8.788309005165058,1.1973299999999998
4264,8.79037053671682,1.1980399999999998
4265,8.792432068268583,1.19874
4266,8.794493599820346,1.19946
4267,8.79655513137211,1.2001600000000001
4268,8.798616662923871,1.20087
4269,8.800678194475633,1.20159
4270,8.802739726027397,1.2023
4271,8.80480125757916,1.203
4272,8.806862789130923,1.20372
4273,8.808924320682685,1.2044400000000002
4274,8.810985852234449,1.20516
4275,8.81304738378621,1.20587
4276,8.815108915337975,1.20659
4277,8.817170446889737,1.2073
4278,8.8192319784415,1.20803
4279,8.821293509993263,1.20876
4280,8.823355041545026,1.20948
4281,8.825416573096788,1.2102000000000002
4282,8.827478104648552,1.2109200000000002
4283,8.829539636200314,1.21165
4284,8.831601167752076,1.21237
4285,8.83366269930384,1.2131100000000001
4286,8.835724230855602,1.21384
4287,8.837785762407366,1.2145700000000001
4288,8.839847293959128,1.2152800000000001
4289,8.841908825510892,1.21602
4290,8.843970357062654,1.21675
4291,8.846031888614418,1.21749
4292,8.84809342016618,1.2182499999999998
4293,8.850154951717943,1.21897
4294,8.852216483269705,1.2197099999999998
4295,8.85427801482147,1.22045
4296,8.856339546373231,1.22119
4297,8.858401077924993,1.22192
4298,8.860462609476757,1.22267
4299,8.86252414102852,1.22342
4300,8.864585672580283,1.22416
4301,8.866647204132045,1.2248999999999999
4302,8.868708735683809,1.22565
4303,8.87077026723557,1.22639
4304,8.872831798787335,1.22715
4305,8.874893330339097,1.2279
4306,8.87695486189086,1.22865
4307,8.879016393442623,1.2293999999999998
4308,8.881077924994386,1.2301600000000001
4309,8.883139456546148,1.23092
4310,8.885200988097912,1.23166
4311,8.887262519649674,1.23242
4312,8.889324051201436,1.23318
4313,8.8913855827532,1.23393
4314,8.893447114304962,1.23468
4315,8.895508645856726,1.23545
4316,8.897570177408488,1.2362099999999998
4317,8.899631708960252,1.23698
4318,8.901693240512014,1.23775
4319,8.903754772063778,1.23851
4320,8.90581630361554,1.23928
4321,8.907877835167303,1.24005
4322,8.909939366719065,1.24082
4323,8.91200089827083,1.2415800000000001
4324,8.914062429822591,1.24235
4325,8.916123961374355,1.24312
4326,8.918185492926117,1.24389
4327,8.920247024477879,1.24466
4328,8.922308556029643,1.24543
4329,8.924370087581405,1.24621
4330,8.926431619133169,1.2469899999999998
4331,8.92849315068493,1.2477699999999998
4332,8.930554682236695,1.24855
4333,8.932616213788457,1.2493199999999998
4334,8.93467774534022,1.2501
4335,8.936739276891982,1.25089
4336,8.938800808443746,1.2516699999999998
4337,8.940862339995508,1.2524499999999998
4338,8.942923871547272,1.2532299999999998
4339,8.944985403099034,1.25402
4340,8.947046934650796,1.2548099999999998
4341,8.94910846620256,1.25559
4342,8.951169997754322,1.2563699999999998
4343,8.953231529306086,1.2571799999999997
4344,8.955293060857848,1.25797
4345,8.957354592409612,1.25877
4346,8.959416123961374,1.2595500000000002
4347,8.961477655513137,1.26034
4348,8.9635391870649,1.26114
4349,8.965600718616663,1.26194
4350,8.967662250168425,1.26273
4351,8.96972378172019,1.26352
4352,8.971785313271951,1.2643199999999999
4353,8.973846844823715,1.26512
4354,8.975908376375477,1.26593
4355,8.977969907927239,1.2667300000000001
4356,8.980031439479003,1.26753
4357,8.982092971030765,1.26834
4358,8.984154502582529,1.26915
4359,8.98621603413429,1.26996
4360,8.988277565686055,1.27076
4361,8.990339097237817,1.2715699999999999
4362,8.99240062878958,1.2723799999999998
4363,8.994462160341342,1.27319
4364,8.996523691893106,1.274
4365,8.998585223444868,1.27481
4366,9.000646754996632,1.27562
4367,9.002708286548394,1.27643
4368,9.004769818100158,1.27726
4369,9.00683134965192,1.27807
4370,9.008892881203682,1.27889
4371,9.010954412755446,1.27971
4372,9.013015944307208,1.28053
4373,9.015077475858972,1.28135
4374,9.017139007410734,1.28217
4375,9.019200538962497,1.28299
4376,9.02126207051426,1.28382
4377,9.023323602066023,1.2846400000000002
4378,9.025385133617785,1.2854700000000001
4379,9.027446665169549,1.28629
4380,9.029508196721311,1.28712
4381,9.031569728273075,1.28795
4382,9.033631259824837,1.2887899999999999
4383,9.035692791376599,1.28961
4384,9.037754322928363,1.29043
4385,9.039815854480125,1.29127
4386,9.041877386031889,1.2921099999999999
4387,9.04393891758365,1.29294
4388,9.046000449135414,1.2937699999999999
4389,9.048061980687176,1.2946099999999998
4390,9.05012351223894,1.29545
4391,9.052185043790702,1.29629
4392,9.054246575342466,1.2971400000000002
4393,9.056308106894228,1.29797
4394,9.058369638445992,1.29881
4395,9.060431169997754,1.2996599999999998
4396,9.062492701549518,1.3005
4397,9.06455423310128,1.30135
4398,9.066615764653042,1.30218
4399,9.068677296204806,1.30303
4400,9.070738827756568,1.3038800000000001
4401,9.072800359308332,1.30473
4402,9.074861890860094,1.30558
4403,9.076923422411857,1.30642
4404,9.07898495396362,1.30729
4405,9.081046485515383,1.30814
4406,9.083108017067145,1.30899
4407,9.085169548618909,1.30985
4408,9.087231080170671,1.31069
4409,9.089292611722435,1.31156
4410,9.091354143274197,1.31241
4411,9.09341567482596,1.31328
4412,9.095477206377723,1.31413
4413,9.097538737929485,1.31499
4414,9.099600269481249,1.3158400000000001
4415,9.10166180103301,1.31671
4416,9.103723332584774,1.31758
4417,9.105784864136536,1.31845
4418,9.1078463956883,1.3193099999999998
4419,9.109907927240062,1.3201699999999998
4420,9.111969458791826,1.32104
4421,9.114030990343588,1.32191
4422,9.116092521895352,1.32279
4423,9.118154053447114,1.32364
4424,9.120215584998878,1.3245099999999999
4425,9.12227711655064,1.3253899999999998
4426,9.124338648102402,1.32626
4427,9.126400179654166,1.32714
4428,9.128461711205928,1.32802
4429,9.130523242757691,1.32888
4430,9.132584774309453,1.3297599999999998
4431,9.134646305861217,1.33064
4432,9.13670783741298,1.3315199999999998
4433,9.138769368964743,1.33239
4434,9.140830900516505,1.33327
4435,9.142892432068269,1.3341599999999998
4436,9.144953963620031,1.33505
4437,9.147015495171795,1.3359299999999998
4438,9.149077026723557,1.33681
4439,9.15113855827532,1.33769
4440,9.153200089827083,1.33859
4441,9.155261621378845,1.3394700000000002
4442,9.157323152930609,1.34037
4443,9.15938468448237,1.34125
4444,9.161446216034134,1.3421399999999999
4445,9.163507747585896,1.3430300000000002
4446,9.16556927913766,1.34393
4447,9.167630810689422,1.3448200000000001
4448,9.169692342241186,1.34571
4449,9.171753873792948,1.3466
4450,9.173815405344712,1.34749
4451,9.175876936896474,1.34841
4452,9.177938468448238,1.3493000000000002
4453,9.18539183973557,1.35254
4454,9.192927167847222,1.35585
4455,9.200462495958863,1.3591699999999998
4456,9.207997824070514,1.36249
4457,9.215533152182164,1.3658199999999998
4458,9.223068480293806,1.3691799999999998
4459,9.230603808405457,1.3725399999999999
4460,9.238139136517107,1.3759100000000002
4461,9.245674464628753,1.3793
4462,9.253209792740405,1.38271
4463,9.260745120852054,1.3861100000000002
4464,9.268280448963703,1.38954
4465,9.275815777075348,1.3929799999999999
4466,9.283351105186998,1.39642
4467,9.290886433298649,1.39987
4468,9.298421761410292,1.40336
4469,9.305957089521943,1.40683
4470,9.313492417633594,1.41033
4471,9.321027745745237,1.41383
4472,9.328563073856886,1.41734
4473,9.336098401968538,1.42087
4474,9.343633730080182,1.4244199999999998
4475,9.351169058191832,1.42797
4476,9.358704386303485,1.43152
4477,9.366239714415133,1.43509
4478,9.373775042526775,1.43868
4479,9.381310370638428,1.44226
4480,9.388845698750078,1.44587
4481,9.396381026861722,1.4495
4482,9.403916354973374,1.45311
4483,9.411451683085023,1.45676
4484,9.418987011196666,1.4604
4485,9.426522339308317,1.46405
4486,9.434057667419966,1.4677399999999998
4487,9.441592995531614,1.4714
4488,9.44912832364326,1.4751100000000001
4489,9.456663651754912,1.4788000000000001
4490,9.464198979866564,1.48251
4491,9.471734307978206,1.4862300000000002
4492,9.479269636089855,1.4899600000000002
4493,9.486804964201507,1.4937
4494,9.49434029231315,1.49745
4495,9.501875620424801,1.5011999999999999
4496,9.509410948536454,1.50497
4497,9.516946276648095,1.5087499999999998
4498,9.524481604759746,1.5125399999999998
4499,9.532016932871397,1.51633
4500,9.539552260983038,1.52014
4501,9.547087589094689,1.52396
4502,9.55462291720634,1.52777
4503,9.562158245317992,1.53162
4504,9.569693573429637,1.53545
4505,9.577228901541286,1.53931
4506,9.584764229652935,1.54317
4507,9.59229955776458,1.54703
4508,9.59983488587623,1.55091
4509,9.607370213987881,1.55479
4510,9.614905542099523,1.55868
4511,9.622440870211175,1.56258
4512,9.629976198322826,1.5665
4513,9.637511526434471,1.57041
4514,9.645046854546118,1.57434
4515,9.65258218265777,1.5782599999999998
4516,9.66011751076942,1.5822100000000001
4517,9.667652838881065,1.58616
4518,9.675188166992717,1.5901
4519,9.682723495104367,1.5940699999999999
4520,9.690258823216011,1.59804
4521,9.69779415132766,1.602
4522,9.70532947943931,1.6059999999999999
4523,9.712864807550954,1.60998
4524,9.720400135662603,1.6139899999999998
4525,9.727935463774255,1.61798
4526,9.735470791885898,1.62199
4527,9.743006119997547,1.6260100000000002
4528,9.7505414481092,1.6300299999999999
4529,9.75807677622085,1.63406
4530,9.765612104332495,1.63809
4531,9.773147432444144,1.64212
4532,9.780682760555797,1.64617
4533,9.788218088667438,1.65021
4534,9.795753416779087,1.65427
4535,9.80328874489074,1.6583299999999999
4536,9.810824073002383,1.6623999999999999
4537,9.818359401114034,1.6664700000000001
4538,9.825894729225682,1.6705400000000001
4539,9.833430057337335,1.67461
4540,9.840965385448976,1.67871
4541,9.848500713560627,1.68279
4542,9.85603604167228,1.68689
4543,9.863571369783923,1.69098
4544,9.871106697895572,1.69507
4545,9.878642026007224,1.6991800000000001
4546,9.886177354118868,1.7032900000000002
4547,9.893712682230518,1.7074000000000003
4548,9.901248010342167,1.71151
4549,9.908783338453812,1.71562
4550,9.916318666565463,1.7197399999999998
4551,9.923853994677113,1.72386
4552,9.931389322788764,1.72799
4553,9.938924650900407,1.73211
4554,9.946459979012056,1.73625
4555,9.953995307123707,1.74038
4556,9.961530635235352,1.7445000000000002
4557,9.969065963347003,1.7486499999999998
4558,9.976601291458651,1.75277
4559,9.984136619570297,1.75692
4560,9.991671947681947,1.76105
4561,9.999207275793598,1.76518
4562,10.00674260390524,1.76932
4563,10.014277932016892,1.7734600000000003
4564,10.021813260128543,1.7775999999999998
4565,10.029348588240193,1.7817399999999999
4566,10.036883916351835,1.78589
4567,10.044419244463487,1.79002
4568,10.051954572575136,1.7941500000000001
4569,10.05948990068678,1.7982900000000002
4570,10.067025228798432,1.8024300000000002
4571,10.074560556910082,1.8065600000000002
4572,10.082095885021728,1.81071
4573,10.089631213133377,1.8148499999999999
4574,10.097166541245027,1.8189600000000001
4575,10.10470186935667,1.8231
4576,10.11223719746832,1.82723
4577,10.119772525579972,1.83135
4578,10.127307853691622,1.8354700000000002
4579,10.134843181803266,1.83959
4580,10.142378509914916,1.8437199999999998
4581,10.149913838026569,1.84783
4582,10.157449166138212,1.85195
4583,10.16498449424986,1.85604
4584,10.172519822361512,1.86015
4585,10.180055150473155,1.86425
4586,10.187590478584807,1.8683400000000001
4587,10.195125806696456,1.8724399999999999
4588,10.2026611348081,1.87652
4589,10.21019646291975,1.88061
4590,10.2177317910314,1.88468
4591,10.225267119143053,1.8887500000000002
4592,10.232802447254695,1.8928099999999999
4593,10.240337775366346,1.89687
4594,10.247873103477996,1.9009200000000002
4595,10.25540843158964,1.90497
4596,10.262943759701288,1.9090099999999999
4597,10.270479087812939,1.9130299999999998
4598,10.278014415924584,1.91706
4599,10.285549744036237,1.9210800000000001
4600,10.293085072147884,1.9251
4601,10.300620400259527,1.9291
4602,10.30815572837118,1.9331
4603,10.31569105648283,1.9370699999999998
4604,10.32322638459448,1.94106
4605,10.330761712706124,1.94503
4606,10.338297040817777,1.94899
4607,10.345832368929424,1.95293
4608,10.353367697041069,1.9568800000000002
4609,10.36090302515272,1.9608100000000002
4610,10.368438353264368,1.96474
4611,10.375973681376014,1.9686299999999999
4612,10.383509009487664,1.97254
4613,10.391044337599316,1.9764300000000001
4614,10.398579665710956,1.9803100000000002
4615,10.406114993822609,1.98417
4616,10.41365032193426,1.9880300000000002
4617,10.42118565004591,1.99187
4618,10.428720978157552,1.9956999999999998
4619,10.436256306269204,1.99952
4620,10.443791634380856,2.00332
4621,10.451326962492498,2.0071199999999996
4622,10.458862290604149,2.01089
4623,10.466397618715801,2.01466
4624,10.473932946827444,2.01841
4625,10.481468274939092,2.02214
4626,10.489003603050744,2.02587
4627,10.496538931162387,2.02959
4628,10.504074259274036,2.03327
4629,10.511609587385689,2.03696
4630,10.519144915497339,2.04062
4631,10.526680243608984,2.04426
4632,10.534215571720633,2.0479
4633,10.541750899832284,2.05152
4634,10.549286227943929,2.0551099999999995
4635,10.556821556055578,2.05869
4636,10.564356884167227,2.0622599999999998
4637,10.571892212278872,2.0657900000000002
4638,10.579427540390524,2.0693400000000004
4639,10.586962868502173,2.0728500000000003
4640,10.594498196613817,2.07633
4641,10.602033524725467,2.0798
4642,10.609568852837116,2.08327
4643,10.617104180948768,2.08669
4644,10.624639509060412,2.09012
4645,10.632174837172062,2.0935200000000003
4646,10.639710165283713,2.0968899999999997
4647,10.647245493395356,2.10025
4648,10.654780821507009,2.10359
4649,10.662316149618658,2.10691
4650,10.669851477730301,2.1102
4651,10.677386805841953,2.11348
4652,10.6849221339536,2.11672
4653,10.692457462065246,2.1199600000000003
4654,10.699992790176896,2.1231600000000004
4655,10.707528118288547,2.1263500000000004
4656,10.715063446400196,2.1295100000000002
4657,10.722598774511841,2.13265
4658,10.730134102623493,2.1357699999999995
4659,10.737669430735142,2.1388499999999997
4660,10.745204758846786,2.14193
4661,10.752740086958434,2.14497
4662,10.760275415070089,2.14799
4663,10.767810743181728,2.15099
4664,10.77534607129338,2.1539699999999997
4665,10.782881399405033,2.1569
4666,10.790416727516682,2.15983
4667,10.797952055628324,2.1627300000000003
4668,10.805487383739976,2.1655900000000003
4669,10.813022711851628,2.1684400000000004
4670,10.820558039963268,2.17125
4671,10.82809336807492,2.1740299999999997
4672,10.835628696186571,2.1768
4673,10.843164024298217,2.1795400000000003
4674,10.850699352409864,2.18225
4675,10.858234680521516,2.18492
4676,10.865770008633161,2.18757
4677,10.873305336744812,2.1902000000000004
4678,10.88084066485646,2.19279
4679,10.888375992968113,2.19536
4680,10.895911321079755,2.1979
4681,10.903446649191403,2.2004
4682,10.910981977303056,2.20288
4683,10.918517305414698,2.20534
4684,10.92605263352635,2.20776
4685,10.933587961638,2.21014
4686,10.941123289749644,2.2125
4687,10.948658617861296,2.21482
4688,10.956193945972943,2.21712
4689,10.963729274084587,2.21938
4690,10.971264602196241,2.22162
4691,10.978799930307892,2.2238300000000004
4692,10.98633525841954,2.22599
4693,10.993870586531184,2.2281299999999997
4694,11.001405914642834,2.23024
4695,11.008941242754483,2.2322999999999995
4696,11.016476570866127,2.23434
4697,11.02401189897778,2.23636
4698,11.03154722708943,2.23834
4699,11.039082555201073,2.24027
4700,11.046617883312724,2.24218
4701,11.054153211424373,2.24405
4702,11.061688539536018,2.2459000000000002
4703,11.069223867647667,2.2476900000000004
4704,11.07675919575932,2.2494699999999996
4705,11.084294523870971,2.25122
4706,11.091829851982613,2.2529
4707,11.099365180094264,2.25458
4708,11.106900508205914,2.25621
4709,11.114435836317556,2.2578
4710,11.121971164429207,2.25936
4711,11.12950649254086,2.2609000000000004
4712,11.137041820652502,2.26238
4713,11.144577148764153,2.2638400000000005
4714,11.152112476875805,2.2652599999999996
4715,11.159647804987447,2.26663
4716,11.167183133099098,2.2679899999999997
4717,11.17471846121075,2.2693
4718,11.1822537893224,2.27056
4719,11.189789117434044,2.2718
4720,11.197324445545693,2.273
4721,11.204859773657343,2.27416
4722,11.212395101768987,2.2752800000000004
4723,11.219930429880636,2.27637
4724,11.227465757992286,2.27742
4725,11.23500108610393,2.27844
4726,11.242536414215582,2.27941
4727,11.250071742327233,2.28034
4728,11.257607070438876,2.28124
4729,11.265142398550527,2.28211
4730,11.272677726662176,2.2829300000000003
4731,11.28021305477383,2.28371
4732,11.287748382885473,2.28446
4733,11.295283710997124,2.28517
4734,11.302819039108773,2.28583
4735,11.310354367220414,2.28646
4736,11.31788969533207,2.2870600000000003
4737,11.325425023443715,2.28761
4738,11.332960351555359,2.2881199999999997
4739,11.340495679667013,2.28859
4740,11.348031007778662,2.2890400000000004
4741,11.355566335890305,2.2894300000000003
4742,11.363101664001956,2.28978
4743,11.370636992113607,2.2901
4744,11.378172320225255,2.29039
4745,11.385707648336899,2.2906299999999997
4746,11.393242976448553,2.29082
4747,11.400778304560204,2.2909900000000003
4748,11.408313632671845,2.2911200000000003
4749,11.415848960783494,2.29121
4750,11.423384288895145,2.29124
4751,11.430919617006788,2.2912500000000002
4752,11.438454945118439,2.29122
4753,11.445990273230093,2.29114
4754,11.453525601341735,2.2910399999999997
4755,11.461060929453385,2.29088
4756,11.468596257565036,2.29069
4757,11.476131585676685,2.29046
4758,11.48366691378833,2.29019
4759,11.491202241899982,2.28988
4760,11.498737570011633,2.28954
4761,11.506272898123276,2.2891500000000002
4762,11.513808226234925,2.28872
4763,11.521343554346574,2.2882599999999997
4764,11.52887888245822,2.28775
4765,11.536414210569868,2.28721
4766,11.543949538681519,2.28662
4767,11.551484866793166,2.28601
4768,11.559020194904814,2.28534
4769,11.566555523016465,2.28465
4770,11.574090851128116,2.2839099999999997
4771,11.581626179239759,2.28313
4772,11.58916150735141,2.28231
4773,11.596696835463062,2.28146
4774,11.604232163574705,2.2805600000000004
4775,11.611767491686356,2.27964
4776,11.619302819798007,2.2786700000000004
4777,11.626838147909648,2.2776400000000003
4778,11.634373476021302,2.2765999999999997
4779,11.64190880413295,2.27553
4780,11.649444132244591,2.27441
4781,11.656979460356245,2.27325
4782,11.664514788467894,2.2720399999999996
4783,11.672050116579545,2.2708000000000004
4784,11.679585444691188,2.26954
4785,11.687120772802839,2.2682300000000004
4786,11.69465610091449,2.26689
4787,11.702191429026131,2.2655
4788,11.709726757137785,2.26407
4789,11.717262085249436,2.26262
4790,11.724797413361078,2.26113
4791,11.732332741472726,2.25959
4792,11.739868069584382,2.25803
4793,11.747403397696022,2.2564300000000004
4794,11.754938725807671,2.25479
4795,11.762474053919325,2.2531
4796,11.770009382030974,2.25139
4797,11.777544710142616,2.24965
4798,11.785080038254268,2.2478599999999997
4799,11.792615366365919,2.24606
4800,11.800150694477562,2.2442
4801,11.807686022589214,2.2423
4802,11.815221350700865,2.2403899999999997
4803,11.822756678812508,2.2384299999999997
4804,11.830292006924156,2.23644
4805,11.837827335035806,2.23441
4806,11.845362663147457,2.23235
4807,11.8528979912591,2.23025
4808,11.86043331937075,2.22813
4809,11.867968647482405,2.22598
4810,11.875503975594047,2.2237799999999996
4811,11.883039303705695,2.2215499999999997
4812,11.890574631817348,2.2193
4813,11.898109959928991,2.217
4814,11.905645288040644,2.21468
4815,11.913180616152294,2.21233
4816,11.920715944263936,2.2099400000000005
4817,11.928251272375586,2.2075
4818,11.935786600487235,2.20506
4819,11.943321928598886,2.20258
4820,11.950857256710535,2.2000699999999997
4821,11.958392584822183,2.19753
4822,11.96592791293383,2.19494
4823,11.973463241045476,2.19234
4824,11.980998569157126,2.18971
4825,11.988533897268775,2.1870499999999997
4826,11.99606922538042,2.18435
4827,12.003604553492071,2.18162
4828,12.011139881603723,2.1788700000000003
4829,12.018675209715367,2.1760900000000003
4830,12.026210537827016,2.1732800000000005
4831,12.033745865938663,2.1704399999999997
4832,12.041281194050315,2.1675799999999996
4833,12.04881652216196,2.1646799999999997
4834,12.056351850273614,2.16175
4835,12.06388717838526,2.1588000000000003
4836,12.071422506496903,2.1558200000000003
4837,12.078957834608556,2.1528300000000002
4838,12.086493162720206,2.14979
4839,12.09402849083185,2.1467300000000002
4840,12.1015638189435,2.1436499999999996
4841,12.10909914705515,2.14054
4842,12.116634475166796,2.1374
4843,12.124169803278447,2.13425
4844,12.131705131390095,2.1310499999999997
4845,12.139240459501742,2.12785
4846,12.14677578761339,2.1246099999999997
4847,12.154311115725038,2.1213599999999997
4848,12.161846443836689,2.11808
4849,12.169381771948336,2.11476
4850,12.176917100059983,2.11144
4851,12.184452428171635,2.1080900000000002
4852,12.191987756283279,2.10472
4853,12.19952308439493,2.10132
4854,12.20705841250658,2.0979
4855,12.214593740618223,2.09445
4856,12.222129068729876,2.09099
4857,12.229664396841526,2.0874999999999995
4858,12.237199724953175,2.0839999999999996
4859,12.24473505306482,2.08046
4860,12.252270381176471,2.07692
4861,12.25980570928812,2.0733400000000004
4862,12.267341037399767,2.06977
4863,12.274876365511416,2.0661499999999995
4864,12.282411693623063,2.0625199999999997
4865,12.289947021734708,2.05888
4866,12.297482349846359,2.05521
4867,12.30501767795801,2.05152
4868,12.312553006069653,2.04781
4869,12.320088334181303,2.0441
4870,12.327623662292956,2.04036
4871,12.335158990404606,2.0366
4872,12.342694318516248,2.03283
4873,12.350229646627898,2.02902
4874,12.357764974739547,2.02521
4875,12.365300302851193,2.02139
4876,12.372835630962847,2.01755
4877,12.380370959074495,2.01369
4878,12.387906287186134,2.00982
4879,12.395441615297788,2.00592
4880,12.402976943409438,2.0020100000000003
4881,12.410512271521082,1.99811
4882,12.418047599632732,1.9941699999999998
4883,12.425582927744383,1.99022
4884,12.433118255856035,1.98625
4885,12.440653583967675,1.98226
4886,12.448188912079328,1.97829
4887,12.455724240190976,1.9742800000000003
4888,12.463259568302623,1.97026
4889,12.470794896414272,1.96622
4890,12.478330224525926,1.9621899999999999
4891,12.485865552637565,1.95813
4892,12.493400880749213,1.95405
4893,12.500936208860868,1.9499799999999998
4894,12.508471536972511,1.9458900000000001
4895,12.516006865084162,1.9417900000000001
4896,12.523542193195812,1.9376799999999998
4897,12.531077521307466,1.93355
4898,12.538612849419104,1.9294099999999998
4899,12.546148177530757,1.92526
4900,12.55368350564241,1.92111
4901,12.561218833754053,1.91695
4902,12.5687541618657,1.9127800000000001
4903,12.576289489977352,1.90859
4904,12.583824818088994,1.9043999999999999
4905,12.591360146200644,1.90019
4906,12.598895474312297,1.8959799999999998
4907,12.60643080242394,1.8917599999999999
4908,12.61396613053559,1.8875400000000002
4909,12.62150145864724,1.88331
4910,12.629036786758892,1.8790600000000002
4911,12.636572114870535,1.87482
4912,12.644107442982184,1.87055
4913,12.651642771093837,1.86629
4914,12.65917809920548,1.86202
4915,12.66671342731713,1.85774
4916,12.67424875542878,1.85347
4917,12.681784083540425,1.84917
4918,12.689319411652074,1.84486
4919,12.696854739763724,1.8405699999999998
4920,12.70439006787537,1.83627
4921,12.71192539598702,1.83196
4922,12.71946072409867,1.82764
4923,12.726996052210321,1.82331
4924,12.734531380321965,1.8190000000000002
4925,12.742066708433617,1.8146600000000002
4926,12.749602036545264,1.81033
4927,12.757137364656911,1.80599
4928,12.76467269276856,1.80166
4929,12.77220802088021,1.79731
4930,12.779743348991856,1.7929599999999999
4931,12.787278677103505,1.7886099999999998
4932,12.794814005215153,1.7842500000000001
4933,12.8023493333268,1.77989
4934,12.80988466143845,1.77553
4935,12.8174199895501,1.77117
4936,12.82495531766175,1.7668000000000001
4937,12.832490645773394,1.76244
4938,12.840025973885044,1.75807
4939,12.847561301996697,1.75371
4940,12.855096630108337,1.74934
4941,12.862631958219989,1.74497
4942,12.870167286331641,1.7406000000000001
4943,12.877702614443285,1.7362300000000002
4944,12.885237942554937,1.73186
4945,12.892773270666584,1.72748
4946,12.900308598778233,1.72311
4947,12.907843926889877,1.71872
4948,12.915379255001529,1.7143599999999999
4949,12.92291458311318,1.70998
4950,12.930449911224825,1.70561
4951,12.937985239336474,1.7012399999999999
4952,12.945520567448124,1.6968699999999999
4953,12.95305589555977,1.69251
4954,12.960591223671416,1.6881300000000001
4955,12.968126551783069,1.68376
4956,12.975661879894712,1.6794
4957,12.983197208006365,1.67503
4958,12.990732536118012,1.67067
4959,12.998267864229664,1.66631
4960,13.005803192341306,1.66195
4961,13.013338520452956,1.6575999999999997
4962,13.020873848564609,1.65324
4963,13.028409176676252,1.64888
4964,13.035944504787905,1.64453
4965,13.043479832899553,1.6401999999999999
4966,13.051015161011195,1.63584
4967,13.05855048912285,1.6315
4968,13.066085817234496,1.62718
4969,13.073621145346143,1.6228399999999998
4970,13.081156473457792,1.6185
4971,13.088691801569444,1.61418
4972,13.096227129681091,1.60986
4973,13.103762457792735,1.60554
4974,13.111297785904386,1.6012300000000002
4975,13.118833114016036,1.59691
4976,13.126368442127681,1.5926200000000001
4977,13.133903770239332,1.58831
4978,13.141439098350984,1.584
4979,13.148974426462624,1.57971
4980,13.156509754574275,1.5754299999999999
4981,13.164045082685929,1.57115
4982,13.171580410797569,1.56687
4983,13.179115738909221,1.5626
4984,13.186651067020874,1.55832
4985,13.194186395132522,1.55407
4986,13.201721723244164,1.54981
4987,13.209257051355815,1.5455500000000002
4988,13.216792379467465,1.54131
4989,13.224327707579109,1.5370799999999998
4990,13.231863035690761,1.53284
4991,13.239398363802412,1.52861
4992,13.246933691914055,1.52439
4993,13.254469020025704,1.5201699999999998
4994,13.262004348137355,1.51597
4995,13.269539676249002,1.5117599999999998
4996,13.27707500436065,1.50757
4997,13.284610332472301,1.50337
4998,13.292145660583953,1.4991899999999998
4999,13.299680988695595,1.49502
5000,13.307216316807244,1.4908499999999998
5001,13.314751644918895,1.48668
5002,13.322286973030538,1.48253
5003,13.32982230114219,1.47837
5004,13.337357629253841,1.47423
5005,13.344892957365484,1.4701
5006,13.352428285477135,1.46598
5007,13.359963613588786,1.4618499999999999
5008,13.367498941700427,1.45774
5009,13.375034269812081,1.45363
5010,13.38256959792373,1.4495399999999998
5011,13.39010492603538,1.4454500000000001
5012,13.397640254147026,1.44136
5013,13.405175582258675,1.4373
5014,13.412710910370324,1.43323
5015,13.420246238481967,1.42917
5016,13.427781566593618,1.4251200000000002
5017,13.43531689470527,1.42108
5018,13.442852222816914,1.41705
5019,13.450387550928564,1.41302
5020,13.457922879040215,1.409
5021,13.465458207151856,1.4049800000000001
5022,13.472993535263507,1.40098
5023,13.480528863375161,1.39699
5024,13.488064191486812,1.39301
5025,13.495599519598453,1.3890500000000001
5026,13.503134847710106,1.38508
5027,13.510670175821755,1.38112
5028,13.518205503933398,1.37717
5029,13.525740832045047,1.37324
5030,13.533276160156698,1.3692900000000001
5031,13.540811488268346,1.36537
5032,13.548346816379993,1.3614499999999998
5033,13.555882144491644,1.3575499999999998
5034,13.563417472603287,1.35365
5035,13.570952800714938,1.34976
5036,13.578488128826587,1.3459
5037,13.586023456938241,1.34203
5038,13.593558785049884,1.33818
5039,13.601094113161533,1.33431
5040,13.608629441273186,1.33047
5041,13.616164769384827,1.32664
5042,13.623700097496476,1.32281
5043,13.631235425608127,1.31901
5044,13.638770753719774,1.3152100000000002
5045,13.646306081831426,1.3114100000000002
5046,13.653841409943073,1.3076299999999998
5047,13.661376738054715,1.30386
5048,13.668912066166367,1.3000800000000001
5049,13.676447394278018,1.29632
5050,13.683982722389667,1.29258
5051,13.691518050501314,1.2888500000000003
5052,13.699053378612962,1.28512
5053,13.706588706724613,1.2813999999999999
5054,13.714124034836257,1.27769
5055,13.721659362947907,1.2740099999999999
5056,13.729194691059556,1.27031
5057,13.7367300191712,1.2666400000000002
5058,13.74426534728285,1.2629599999999999
5059,13.751800675394502,1.2592999999999999
5060,13.759336003506146,1.2556500000000002
5061,13.766871331617795,1.2520200000000001
5062,13.774406659729447,1.24839
5063,13.781941987841098,1.2447700000000002
5064,13.78947731595274,1.24116
5065,13.797012644064393,1.23756
5066,13.804547972176044,1.23397
5067,13.812083300287686,1.2304000000000002
5068,13.819618628399336,1.22681
5069,13.827153956510987,1.2232599999999998
5070,13.83468928462263,1.21971
5071,13.84222461273428,1.21617
5072,13.84975994084593,1.21264
5073,13.857295268957575,1.20912
5074,13.864830597069226,1.20562
5075,13.872365925180874,1.2021199999999999
5076,13.879901253292527,1.1986400000000001
5077,13.88743658140417,1.19516
5078,13.894971909515819,1.19169
5079,13.902507237627473,1.18823
5080,13.910042565739115,1.1847699999999999
5081,13.917577893850765,1.18133
5082,13.925113221962414,1.17791
5083,13.93264855007406,1.17449
5084,13.94018387818571,1.1710900000000002
5085,13.947719206297359,1.16768
5086,13.955254534409013,1.1643
5087,13.962789862520655,1.16092
5088,13.970325190632305,1.1575499999999999
5089,13.977860518743956,1.1541899999999998
5090,13.9853958468556,1.1508500000000002
5091,13.99293117496725,1.1475199999999999
5092,14.000466503078899,1.1441899999999998
5093,14.008001831190546,1.1408800000000001
5094,14.015537159302196,1.13756
5095,14.023072487413845,1.1342700000000001
5096,14.030607815525489,1.13098
5097,14.03814314363714,1.1277100000000002
5098,14.045678471748788,1.12445
5099,14.053213799860439,1.1211799999999998
5100,14.060749127972086,1.11793
5101,14.068284456083735,1.1147099999999999
5102,14.075819784195385,1.11148
5103,14.083355112307027,1.10826
5104,14.09089044041868,1.1050600000000002
5105,14.09842576853033,1.10187
5106,14.105961096641972,1.0986799999999999
5107,14.113496424753626,1.09552
5108,14.121031752865276,1.0923399999999999
5109,14.128567080976918,1.0891899999999999
5110,14.136102409088569,1.08605
5111,14.143637737200219,1.0829
5112,14.151173065311868,1.0797899999999998
5113,14.158708393423511,1.07667
5114,14.166243721535164,1.0735800000000002
5115,14.173779049646814,1.07047
5116,14.181314377758458,1.06739
5117,14.188849705870108,1.0643200000000002
5118,14.196385033981759,1.06126
5119,14.203920362093402,1.05821
5120,14.211455690205051,1.05516
5121,14.218991018316705,1.0521200000000002
5122,14.226526346428347,1.04909
5123,14.234061674539998,1.04608
5124,14.241597002651648,1.04308
5125,14.249132330763302,1.04009
5126,14.256667658874944,1.0371
5127,14.264202986986591,1.03413
5128,14.271738315098245,1.0311599999999999
5129,14.279273643209887,1.02821
5130,14.286808971321538,1.02527
5131,14.294344299433188,1.02233
5132,14.301879627544832,1.0193999999999999
5133,14.309414955656484,1.01649
5134,14.316950283768131,1.01358
5135,14.324485611879776,1.01069
5136,14.332020939991429,1.0078099999999999
5137,14.339556268103076,1.00493
5138,14.347091596214726,1.00207
5139,14.354626924326372,0.9992099999999999
5140,14.362162252438024,0.99637
5141,14.369697580549671,0.99353
5142,14.377232908661316,0.99071
5143,14.384768236772967,0.98788
5144,14.392303564884616,0.98507
5145,14.399838892996259,0.9822700000000001
5146,14.407374221107911,0.97949
5147,14.414909549219564,0.9767100000000001
5148,14.422444877331204,0.97394
5149,14.429980205442856,0.97118
5150,14.437515533554508,0.96843
5151,14.445050861666155,0.96569
5152,14.4525861897778,0.96297
5153,14.460121517889451,0.96024
5154,14.4676568460011,0.95753
5155,14.475192174112744,0.95483
5156,14.482727502224396,0.95213
5157,14.490262830336047,0.94945
5158,14.49779815844769,0.94677
5159,14.50533348655934,0.94411
5160,14.512868814670991,0.9414499999999999
5161,14.520404142782636,0.93881
5162,14.527939470894284,0.93618
5163,14.535474799005936,0.93354
5164,14.543010127117586,0.93093
5165,14.55054545522923,0.9283199999999999
5166,14.55808078334088,0.9257200000000001
5167,14.565616111452535,0.9231300000000001
5168,14.573151439564176,0.92054
5169,14.580686767675823,0.9179700000000001
5170,14.588222095787476,0.9154100000000001
5171,14.59575742389912,0.91286
5172,14.60329275201077,0.9103
5173,14.61082808012242,0.90777
5174,14.618363408234064,0.90524
5175,14.625898736345716,0.9027200000000001
5176,14.633434064457363,0.90023
5177,14.640969392569016,0.89773
5178,14.648504720680661,0.89524
5179,14.65604004879231,0.89276
5180,14.66357537690396,0.8902899999999999
5181,14.671110705015604,0.88781
5182,14.678646033127256,0.88535
5183,14.686181361238903,0.8829100000000001
5184,14.693716689350548,0.8804799999999999
5185,14.701252017462199,0.87805
5186,14.70878734557385,0.87563
5187,14.716322673685491,0.8732300000000001
5188,14.723858001797144,0.87082
5189,14.731393329908796,0.86843
5190,14.738928658020447,0.86604
5191,14.746463986132088,0.86368
5192,14.75399931424374,0.8613100000000001
5193,14.76153464235539,0.85895
5194,14.769069970467033,0.8565900000000001
5195,14.776605298578687,0.8542500000000001
5196,14.784140626690336,0.85192
5197,14.791675954801976,0.84961
5198,14.799211282913628,0.84728
5199,14.806746611025279,0.8449800000000001
5200,14.814281939136922,0.84268
5201,14.821817267248573,0.84039
5202,14.829352595360223,0.83812
5203,14.836887923471876,0.83585
5204,14.844423251583516,0.83358
5205,14.851958579695168,0.83132
5206,14.85949390780682,0.8290799999999999
5207,14.867029235918462,0.8268300000000001
5208,14.874564564030113,0.8246
5209,14.882099892141767,0.82237
5210,14.889635220253409,0.82018
5211,14.897170548365054,0.81797
5212,14.904705876476708,0.8157599999999999
5213,14.912241204588359,0.81358
5214,14.919776532700002,0.8114
5215,14.927311860811653,0.80923
5216,14.934847188923303,0.80706
5217,14.942382517034948,0.8049200000000001
5218,14.949917845146597,0.80277
5219,14.957453173258248,0.80063
5220,14.964988501369893,0.79849
5221,14.972523829481542,0.79636
5222,14.980059157593193,0.79425
5223,14.987594485704836,0.79214
5224,14.995129813816488,0.7900499999999999
5225,15.002665141928134,0.78795
5226,15.010200470039788,0.7858600000000001
5227,15.017735798151431,0.7837999999999999
5228,15.025271126263082,0.78172
5229,15.032806454374732,0.7796700000000001
5230,15.040341782486374,0.7776299999999999
5231,15.047877110598025,0.77558
5232,15.055412438709677,0.77354
5233,15.06294776682132,0.7715099999999999
5234,15.070483094932973,0.7695
5235,15.078018423044622,0.76748
5236,15.085553751156265,0.7654799999999999
5237,15.093089079267914,0.76347
5238,15.100624407379565,0.7614900000000001
5239,15.108159735491213,0.7595
5240,15.11569506360286,0.75753
5241,15.123230391714511,0.7555700000000001
5242,15.130765719826162,0.7536
5243,15.138301047937805,0.75166
5244,15.145836376049454,0.74972
5245,15.153371704161104,0.7477800000000001
5246,15.16090703227275,0.74586
5247,15.1684423603844,0.7439299999999999
5248,15.17597768849605,0.7420300000000001
5249,15.183513016607694,0.74012
5250,15.191048344719345,0.7382099999999999
5251,15.198583672830994,0.73633
5252,15.206119000942644,0.73444
5253,15.21365432905429,0.7325599999999999
5254,15.22118965716594,0.7307
5255,15.22872498527759,0.7288399999999999
5256,15.236260313389234,0.7269899999999999
5257,15.243795641500885,0.72514
5258,15.251330969612534,0.7232999999999999
5259,15.25886629772418,0.7214800000000001
5260,15.266401625835831,0.71965
5261,15.27393695394748,0.7178399999999999
5262,15.281472282059125,0.71603
5263,15.289007610170774,0.71422
5264,15.296542938282425,0.7124299999999999
5265,15.304078266394074,0.71063
5266,15.31161359450572,0.70885
5267,15.31914892261737,0.70707
5268,15.32668425072902,0.7053200000000001
5269,15.334219578840663,0.70355
5270,15.341754906952314,0.7018099999999999
5271,15.349290235063965,0.70006
5272,15.356825563175606,0.69833
5273,15.36436089128726,0.6966
5274,15.371896219398911,0.6948700000000001
5275,15.379431547510553,0.69316
5276,15.386966875622205,0.69145
5277,15.394502203733854,0.68975
5278,15.402037531845505,0.6880499999999999
5279,15.40957285995715,0.68637
5280,15.4171081880688,0.68469
5281,15.42464351618045,0.68301
5282,15.432178844292093,0.68133
5283,15.439714172403743,0.67968
5284,15.447249500515394,0.67802
5285,15.454784828627036,0.67638
5286,15.462320156738686,0.67475
5287,15.469855484850337,0.67312
5288,15.477390812961982,0.6714899999999999
5289,15.484926141073633,0.66986
5290,15.492461469185285,0.66827
5291,15.499996797296937,0.66665
5292,15.507532125408574,0.6650600000000001
5293,15.515067453520226,0.66347
5294,15.522602781631877,0.66188
5295,15.530138109743524,0.66031
5296,15.537673437855172,0.6587299999999999
5297,15.545208765966823,0.65716
5298,15.552744094078465,0.65561
5299,15.560279422190115,0.65405
5300,15.567814750301766,0.65251
5301,15.575350078413413,0.65097
5302,15.582885406525063,0.64944
5303,15.590420734636712,0.6479199999999999
5304,15.597956062748365,0.6464
5305,15.605491390860006,0.6448900000000001
5306,15.613026718971655,0.6434000000000001
5307,15.620562047083306,0.6418900000000001
5308,15.628097375194953,0.6404
5309,15.635632703306602,0.63892
5310,15.643168031418252,0.63744
5311,15.650703359529894,0.63597
5312,15.658238687641544,0.6345000000000001
5313,15.665774015753195,0.63305
5314,15.673309343864839,0.6315900000000001
5315,15.680844671976493,0.63015
5316,15.688380000088141,0.62871
5317,15.695915328199792,0.62728
5318,15.703450656311436,0.6258499999999999
5319,15.710985984423086,0.62444
5320,15.718521312534735,0.62303
5321,15.726056640646382,0.6216200000000001
5322,15.73359196875803,0.62022
5323,15.741127296869678,0.61883
5324,15.748662624981325,0.6174499999999999
5325,15.756197953092975,0.6160599999999999
5326,15.763733281204624,0.6146999999999999
5327,15.77126860931627,0.6133299999999999
5328,15.778803937427918,0.61197
5329,15.78633926553957,0.6106199999999999
5330,15.793874593651221,0.60926
5331,15.801409921762865,0.60792
5332,15.808945249874515,0.60658
5333,15.816480577986164,0.60526
5334,15.82401590609781,0.60394
5335,15.831551234209462,0.60262
5336,15.83908656232111,0.60131
5337,15.846621890432756,0.6000099999999999
5338,15.854157218544405,0.5987199999999999
5339,15.861692546656055,0.5974200000000001
5340,15.869227874767699,0.59615
5341,15.876763202879351,0.59487
5342,15.884298530991002,0.59361
5343,15.89183385910265,0.59233
5344,15.899369187214296,0.59108
5345,15.906904515325945,0.58983
5346,15.914439843437595,0.58859
5347,15.921975171549239,0.5873400000000001
5348,15.929510499660891,0.58611
5349,15.937045827772538,0.58488
5350,15.944581155884185,0.5836600000000001
5351,15.952116483995836,0.5824499999999999
5352,15.959651812107484,0.5812400000000001
5353,15.967187140219135,0.58005
5354,15.974722468330777,0.5788599999999999
5355,15.982257796442427,0.5776699999999999
5356,15.989793124554081,0.57648
5357,15.997328452665725,0.57531
5358,16.004863780777377,0.57414
5359,16.012399108889024,0.5729899999999999
5360,16.019934437000668,0.57183
5361,16.027469765112322,0.5706800000000001
5362,16.03500509322397,0.56954
5363,16.042540421335612,0.5683999999999999
5364,16.050075749447263,0.56728
5365,16.057611077558914,0.5661600000000001
5366,16.065146405670564,0.56503
5367,16.072681733782208,0.56391
5368,16.08021706189386,0.5628200000000001
5369,16.08775239000551,0.5617099999999999
5370,16.095287718117152,0.56063
5371,16.102823046228803,0.55953
5372,16.110358374340453,0.55846
5373,16.117893702452093,0.55739
5374,16.125429030563748,0.55633
5375,16.132964358675398,0.55527
5376,16.14049968678704,0.55422
5377,16.148035014898692,0.5531699999999999
5378,16.155570343010346,0.55213
5379,16.163105671121993,0.5510999999999999
5380,16.170640999233633,0.55008
5381,16.178176327345287,0.54906
5382,16.185711655456938,0.5480499999999999
5383,16.19324698356858,0.54705
5384,16.200782311680232,0.54605
5385,16.208317639791883,0.5450499999999999
5386,16.215852967903526,0.54405
5387,16.223388296015177,0.54307
5388,16.230923624126827,0.5421
5389,16.23845895223847,0.54113
5390,16.24599428035012,0.54018
5391,16.253529608461772,0.53923
5392,16.261064936573426,0.53828
5393,16.268600264685062,0.53733
5394,16.276135592796713,0.5364
5395,16.283670920908367,0.53548
5396,16.29120624902001,0.53456
5397,16.29874157713166,0.53364
5398,16.306276905243312,0.53274
5399,16.313812233354955,0.5318400000000001
5400,16.321347561466606,0.53095
5401,16.328882889578257,0.53007
5402,16.3364182176899,0.52919
5403,16.34395354580155,0.52831
5404,16.3514888739132,0.52744
5405,16.359024202024848,0.5265799999999999
5406,16.366559530136495,0.52573
5407,16.374094858248146,0.52489
5408,16.381630186359793,0.52406
5409,16.38916551447144,0.5232300000000001
5410,16.39670084258309,0.5224
5411,16.40423617069474,0.52159
5412,16.411771498806385,0.52078
5413,16.419306826918035,0.51998
5414,16.426842155029686,0.51919
5415,16.43437748314133,0.5184000000000001
5416,16.44191281125298,0.51763
5417,16.44944813936463,0.51685
5418,16.45698346747628,0.5160800000000001
5419,16.464518795587924,0.51532
5420,16.472054123699575,0.51457
5421,16.479589451811226,0.51383
5422,16.48712477992287,0.51309
5423,16.49466010803452,0.5123599999999999
5424,16.50219543614617,0.51165
5425,16.509730764257814,0.51094
5426,16.517266092369464,0.51022
5427,16.524801420481115,0.50953
5428,16.532336748592762,0.50884
5429,16.53987207670441,0.5081500000000001
5430,16.54740740481606,0.50748
5431,16.55494273292771,0.50681
5432,16.562478061039354,0.5061599999999999
5433,16.570013389151004,0.5055
5434,16.577548717262655,0.50485
5435,16.585084045374302,0.5042300000000001
5436,16.59261937348595,0.5035999999999999
5437,16.6001547015976,0.50298
5438,16.607690029709243,0.50237
5439,16.615225357820893,0.5017699999999999
5440,16.622760685932544,0.50117
5441,16.630296014044188,0.50058
5442,16.637831342155838,0.5000100000000001
5443,16.645366670267492,0.49944
5444,16.65290199837914,0.49887
5445,16.660437326490786,0.49832000000000004
5446,16.667972654602433,0.49778
5447,16.675507982714084,0.49723
5448,16.683043310825727,0.4967
5449,16.690578638937378,0.49617999999999995
5450,16.69811396704903,0.49567
5451,16.705649295160672,0.49517
5452,16.713184623272323,0.49468
5453,16.720719951383973,0.49419
5454,16.728255279495617,0.49371
5455,16.735790607607267,0.49324
5456,16.743325935718918,0.49278
5457,16.750861263830572,0.49234
5458,16.758396591942212,0.4919
5459,16.765931920053866,0.49146999999999996
5460,16.773467248165513,0.49105
5461,16.781002576277153,0.49064
5462,16.788537904388807,0.49023
5463,16.796073232500458,0.48985
5464,16.803608560612098,0.48946
5465,16.811143888723752,0.48909
5466,16.818679216835402,0.48872
5467,16.826214544947046,0.48837
5468,16.833749873058697,0.48803
5469,16.841285201170347,0.48768
5470,16.848820529281998,0.48736
5471,16.85635585739364,0.4870399999999999
5472,16.86389118550529,0.48673
5473,16.871426513616942,0.48645000000000005
5474,16.878961841728586,0.48615
5475,16.886497169840233,0.48588
5476,16.894032497951887,0.48562
5477,16.90156782606353,0.48535999999999996
5478,16.909103154175178,0.48512000000000005
5479,16.91663848228683,0.48489000000000004
5480,16.924173810398475,0.48467
5481,16.931709138510126,0.48446
5482,16.939244466621776,0.48426
5483,16.946779794733427,0.48407
5484,16.95431512284507,0.48389000000000004
5485,16.96185045095672,0.48373
5486,16.96938577906837,0.48357
5487,16.976921107180015,0.48341999999999996
5488,16.984456435291666,0.48329
5489,16.991991763403316,0.48316
5490,16.999527091514963,0.48305000000000003
5491,17.00706241962661,0.48296
5492,17.014597747738257,0.48285999999999996
5493,17.02213307584991,0.48278
5494,17.029668403961555,0.48271
5495,17.037203732073205,0.48266000000000003
5496,17.044739060184856,0.48261000000000004
5497,17.0522743882965,0.48259
5498,17.05980971640815,0.48256999999999994
5499,17.0673450445198,0.48256
5500,17.074880372631444,0.48256999999999994
5501,17.082415700743095,0.4825999999999999
5502,17.089951028854745,0.48262000000000005
5503,17.09748635696639,0.48267000000000004
5504,17.10502168507804,0.48272
5505,17.11255701318969,0.48279
5506,17.120092341301337,0.48285999999999996
5507,17.127627669412984,0.48296
5508,17.135162997524635,0.48307
5509,17.142698325636285,0.48318
5510,17.150233653747932,0.48332
5511,17.15776898185958,0.48345
5512,17.16530430997123,0.48361
5513,17.172839638082873,0.48378999999999994
5514,17.180374966194524,0.48396
5515,17.187910294306175,0.48417000000000004
5516,17.195445622417818,0.48436999999999997
5517,17.202980950529472,0.48458
5518,17.21051627864112,0.48480999999999996
5519,17.21805160675277,0.48506000000000005
5520,17.22558693486441,0.48532
5521,17.233122262976064,0.48560000000000003
5522,17.240657591087714,0.48589000000000004
5523,17.248192919199358,0.48619
5524,17.255728247311012,0.48651
5525,17.263263575422663,0.48683
5526,17.270798903534306,0.48716000000000004
5527,17.278334231645953,0.48753
5528,17.285869559757604,0.48789000000000005
5529,17.293404887869247,0.48827
5530,17.300940215980898,0.48866
5531,17.308475544092552,0.48907
5532,17.3160108722042,0.48948
5533,17.323546200315842,0.48992
5534,17.33108152842749,0.49036
5535,17.338616856539144,0.49082000000000003
5536,17.346152184650787,0.49129
5537,17.353687512762438,0.49177000000000004
5538,17.361222840874092,0.49227
5539,17.36875816898573,0.49278
5540,17.376293497097382,0.49329999999999996
5541,17.383828825209033,0.49382000000000004
5542,17.391364153320676,0.49435999999999997
5543,17.398899481432327,0.49490999999999996
5544,17.406434809543978,0.49549
5545,17.413970137655628,0.49607
5546,17.421505465767268,0.49666
5547,17.429040793878922,0.49726
5548,17.436576121990573,0.49788
5549,17.444111450102216,0.4985
5550,17.451646778213867,0.49914000000000003
5551,17.459182106325517,0.49978999999999996
5552,17.46671743443716,0.50044
5553,17.47425276254881,0.50112
5554,17.481788090660462,0.50178
5555,17.489323418772106,0.50247
5556,17.496858746883756,0.50316
5557,17.504394074995407,0.50386
5558,17.511929403107054,0.50458
5559,17.5194647312187,0.5053
5560,17.527000059330348,0.50602
5561,17.534535387442002,0.50675
5562,17.542070715553642,0.50748
5563,17.549606043665296,0.50824
5564,17.557141371776947,0.50898
5565,17.56467669988859,0.50974
5566,17.57221202800024,0.5105
5567,17.57974735611189,0.51126
5568,17.587282684223535,0.51203
5569,17.594818012335185,0.5128
5570,17.602353340446836,0.51357
5571,17.609888668558487,0.51435
5572,17.61742399667013,0.51513
5573,17.62495932478178,0.5159
5574,17.632494652893428,0.51668
5575,17.640029981005075,0.51746
5576,17.647565309116725,0.51823
5577,17.655100637228376,0.51901
5578,17.66263596534002,0.51978
5579,17.67017129345167,0.52055
5580,17.67770662156332,0.52131
5581,17.685241949674964,0.52206
5582,17.69277727778661,0.52281
5583,17.700312605898265,0.52356
5584,17.707847934009916,0.52429
5585,17.71538326212156,0.52502
5586,17.72291859023321,0.52574
5587,17.73045391834486,0.52645
5588,17.737989246456504,0.52714
5589,17.745524574568158,0.52783
5590,17.753059902679805,0.52849
5591,17.76059523079145,0.52916
5592,17.7681305589031,0.5298
5593,17.77566588701475,0.53043
5594,17.78320121512639,0.53103
5595,17.790736543238047,0.53162
5596,17.798271871349694,0.5322
5597,17.805807199461345,0.53274
5598,17.81334252757299,0.53329
5599,17.82087785568464,0.53379
5600,17.82841318379629,0.53427
5601,17.835948511907933,0.53473
5602,17.843483840019587,0.53519
5603,17.851019168131234,0.5356000000000001
5604,17.858554496242878,0.53599
5605,17.866089824354532,0.53636
5606,17.87362515246618,0.53669
5607,17.881160480577822,0.53698
5608,17.888695808689473,0.53726
5609,17.896231136801127,0.5375099999999999
5610,17.903766464912774,0.53772
5611,17.911301793024418,0.5379
5612,17.918837121136068,0.53805
5613,17.92637244924772,0.53815
5614,17.933907777359362,0.53823
5615,17.941443105471013,0.53828
5616,17.948978433582663,0.53828
5617,17.95651376169431,0.53825
5618,17.964049089805954,0.5381800000000001
5619,17.971584417917608,0.53807
5620,17.97911974602925,0.53793
5621,17.986655074140902,0.53774
5622,17.99419040225255,0.53752
5623,18.001725730364203,0.53725
5624,18.009261058475847,0.53694
5625,18.016796386587497,0.53661
5626,18.024331714699148,0.53622
5627,18.031867042810788,0.53579
5628,18.039402370922442,0.53534
5629,18.046937699034096,0.5348299999999999
5630,18.054473027145733,0.53427
5631,18.062008355257387,0.53369
5632,18.069543683369037,0.53306
5633,18.077079011480688,0.53237
5634,18.084614339592328,0.53167
5635,18.092149667703985,0.53091
5636,18.099684995815636,0.5301100000000001
5637,18.10722032392728,0.52928
5638,18.114755652038923,0.5284
5639,18.122290980150574,0.52747
5640,18.12982630826222,0.5265299999999999
5641,18.13736163637387,0.52553
5642,18.14489696448552,0.52449
5643,18.152432292597165,0.52342
5644,18.159967620708816,0.5223099999999999
5645,18.167502948820463,0.52115
5646,18.17503827693212,0.5199699999999999
5647,18.18257360504376,0.5187499999999999
5648,18.19010893315541,0.51749
5649,18.197644261267058,0.5162
5650,18.2051795893787,0.51487
5651,18.21271491749036,0.51351
5652,18.220250245602006,0.51212
5653,18.22778557371365,0.51068
5654,18.2353209018253,0.50923
5655,18.24285622993695,0.5077499999999999
5656,18.250391558048594,0.5062300000000001
5657,18.257926886160245,0.5047
5658,18.265462214271892,0.50312
5659,18.272997542383546,0.50153
5660,18.28053287049519,0.49992000000000003
5661,18.28806819860684,0.49827
5662,18.295603526718487,0.49659
5663,18.303138854830134,0.4949
5664,18.310674182941785,0.49318
5665,18.31820951105344,0.49145000000000005
5666,18.325744839165075,0.48971
5667,18.33328016727673,0.48792
5668,18.34081549538838,0.48614
5669,18.348350823500024,0.48433
5670,18.355886151611678,0.48249999999999993
5671,18.363421479723325,0.48067
5672,18.370956807834972,0.47880999999999996
5673,18.378492135946622,0.47694000000000003
5674,18.38602746405827,0.47506000000000004
5675,18.39356279216992,0.47317000000000004
5676,18.401098120281567,0.47127
5677,18.40863344839321,0.46937
5678,18.41616877650486,0.46743999999999997
5679,18.423704104616508,0.46551
5680,18.43123943272816,0.46358
5681,18.43877476083981,0.46164000000000005
5682,18.446310088951453,0.45969999999999994
5683,18.453845417063103,0.45774000000000004
5684,18.461380745174754,0.45577999999999996
5685,18.468916073286408,0.45381
5686,18.476451401398045,0.45185
5687,18.4839867295097,0.44989999999999997
5688,18.491522057621353,0.44792
5689,18.499057385732996,0.44596
5690,18.506592713844643,0.44399000000000005
5691,18.514128041956294,0.4420200000000001
5692,18.521663370067934,0.44007
5693,18.529198698179584,0.43810000000000004
5694,18.53673402629124,0.43616
5695,18.54426935440288,0.43418999999999996
5696,18.551804682514533,0.43223999999999996
5697,18.559340010626183,0.43029
5698,18.566875338737837,0.42834999999999995
5699,18.57441066684948,0.42640999999999996
5700,18.581945994961128,0.4244800000000001
5701,18.589481323072782,0.42254
5702,18.597016651184425,0.42063000000000006
5703,18.604551979296073,0.41870999999999997
5704,18.612087307407727,0.41681
5705,18.619622635519367,0.41491
5706,18.627157963631014,0.41302
5707,18.634693291742668,0.41113
5708,18.64222861985431,0.40926
5709,18.649763947965962,0.40739000000000003
5710,18.65729927607761,0.40553
5711,18.664834604189267,0.40368
5712,18.672369932300906,0.40184
5713,18.67990526041256,0.40001
5714,18.687440588524208,0.39819000000000004
5715,18.69497591663585,0.39637999999999995
5716,18.7025112447475,0.39459
5717,18.710046572859152,0.39278
5718,18.7175819009708,0.39102000000000003
5719,18.72511722908245,0.38924
5720,18.732652557194093,0.38748
5721,18.740187885305737,0.38573999999999997
5722,18.74772321341739,0.384
5723,18.755258541529038,0.38227999999999995
5724,18.762793869640685,0.38058000000000003
5725,18.770329197752336,0.37888
5726,18.777864525863983,0.37717999999999996
5727,18.78539985397564,0.37549999999999994
5728,18.79293518208728,0.37385
5729,18.80047051019893,0.37219
5730,18.808005838310578,0.37056
5731,18.815541166422225,0.36892
5732,18.82307649453388,0.36730999999999997
5733,18.83061182264553,0.36569
5734,18.838147150757173,0.36411000000000004
5735,18.84568247886882,0.36252
5736,18.85321780698047,0.36095
5737,18.86075313509212,0.3594
5738,18.868288463203765,0.35785
5739,18.875823791315415,0.35632
5740,18.883359119427066,0.35479
5741,18.890894447538713,0.35329
5742,18.898429775650357,0.35178
5743,18.90596510376201,0.3503
5744,18.913500431873654,0.34882
5745,18.921035759985305,0.34736
5746,18.92857108809695,0.34591
5747,18.936106416208602,0.34447
5748,18.94364174432025,0.34304
5749,18.951177072431896,0.34162
5750,18.95871240054355,0.34022
5751,18.966247728655194,0.33882
5752,18.973783056766845,0.33743999999999996
5753,18.98131838487849,0.33605
5754,18.988853712990142,0.3347
5755,18.99638904110179,0.33335
5756,19.00392436921344,0.33202
5757,19.011459697325087,0.33069000000000004
5758,19.018995025436734,0.32937
5759,19.026530353548385,0.32806
5760,19.034065681660035,0.32676
5761,19.041601009771682,0.32549
5762,19.049136337883326,0.3242
5763,19.05667166599498,0.32295
5764,19.064206994106623,0.32167999999999997
5765,19.071742322218274,0.32045
5766,19.079277650329924,0.31921
5767,19.086812978441568,0.318
5768,19.09434830655322,0.31678
5769,19.101883634664873,0.31557999999999997
5770,19.109418962776516,0.31439
5771,19.116954290888163,0.31321
5772,19.124489618999814,0.31203
5773,19.132024947111464,0.31087
5774,19.13956027522311,0.30971
5775,19.147095603334762,0.30857
5776,19.15463093144641,0.30744
5777,19.162166259558045,0.30631
5778,19.169701587669703,0.30519
5779,19.177236915781354,0.30409
5780,19.184772243893,0.30298
5781,19.192307572004648,0.30189
5782,19.199842900116302,0.30080999999999997
5783,19.20737822822794,0.29974
5784,19.214913556339592,0.29868
5785,19.222448884451246,0.29762
5786,19.22998421256289,0.29657
5787,19.237519540674537,0.29552999999999996
5788,19.245054868786188,0.29451
5789,19.25259019689784,0.29347
5790,19.260125525009478,0.29246
5791,19.26766085312113,0.29145
5792,19.275196181232786,0.29046
5793,19.282731509344426,0.28946
5794,19.290266837456077,0.28848
5795,19.297802165567727,0.28751
5796,19.30533749367937,0.28654
5797,19.312872821791018,0.28558
5798,19.320408149902672,0.28463
5799,19.327943478014323,0.28368000000000004
5800,19.33547880612597,0.28275
5801,19.343014134237613,0.28181
5802,19.350549462349264,0.2809
5803,19.35808479046091,0.27997000000000005
5804,19.365620118572558,0.27907000000000004
5805,19.37315544668421,0.27816
5806,19.380690774795852,0.27727
5807,19.388226102907506,0.27637
5808,19.39576143101916,0.27549999999999997
5809,19.4032967591308,0.27462
5810,19.410832087242447,0.27375
5811,19.4183674153541,0.2729
5812,19.425902743465755,0.27203
5813,19.433438071577395,0.27119
5814,19.440973399689046,0.27033999999999997
5815,19.448508727800697,0.26949999999999996
5816,19.45604405591234,0.26867
5817,19.463579384023987,0.26785000000000003
5818,19.47111471213564,0.26703
5819,19.478650040247285,0.26622
5820,19.486185368358935,0.26541
5821,19.493720696470586,0.26461
5822,19.50125602458223,0.26381
5823,19.50879135269388,0.26302000000000003
5824,19.51632668080553,0.26222
5825,19.523862008917177,0.26145
5826,19.531397337028825,0.26067
5827,19.538932665140475,0.25991000000000003
5828,19.54646799325213,0.25912999999999997
5829,19.55400332136377,0.25837
5830,19.561538649475423,0.25761
5831,19.56907397758707,0.25687000000000004
5832,19.576609305698714,0.25613
5833,19.584144633810364,0.25539
5834,19.59167996192201,0.25467
5835,19.59921529003366,0.25393
5836,19.60675061814531,0.25321
5837,19.614285946256963,0.2525
5838,19.62182127436861,0.25178
5839,19.629356602480254,0.25107
5840,19.636891930591904,0.25037
5841,19.644427258703555,0.24966
5842,19.6519625868152,0.24897999999999998
5843,19.659497914926853,0.24828
5844,19.6670332430385,0.24760000000000001
5845,19.674568571150147,0.24692000000000003
5846,19.682103899261797,0.24624
5847,19.689639227373444,0.24558
5848,19.697174555485088,0.2449
5849,19.70470988359674,0.24424
5850,19.712245211708392,0.24358
5851,19.71978053982004,0.24292
5852,19.727315867931683,0.24226999999999999
5853,19.73485119604333,0.24162999999999998
5854,19.742386524154984,0.24097000000000002
5855,19.749921852266628,0.24034000000000003
5856,19.75745718037828,0.23971
5857,19.764992508489932,0.23907
5858,19.77252783660157,0.23845
5859,19.780063164713226,0.23782999999999999
5860,19.787598492824873,0.23720999999999998
5861,19.79513382093652,0.23658
5862,19.802669149048167,0.23598000000000002
5863,19.810204477159818,0.23535999999999999
5864,19.81773980527147,0.23476999999999998
5865,19.825275133383116,0.23416
5866,19.832810461494766,0.23356
5867,19.840345789606413,0.23296999999999998
5868,19.847881117718057,0.23238
5869,19.855416445829707,0.2318
5870,19.862951773941358,0.2312
5871,19.870487102053,0.23062
5872,19.87802243016465,0.23004
5873,19.885557758276306,0.22946
5874,19.893093086387942,0.22888999999999998
5875,19.900628414499604,0.22832999999999998
5876,19.908163742611247,0.22776
5877,19.915699070722894,0.2272
5878,19.923234398834538,0.22664
5879,19.930769726946192,0.22608
5880,19.93830505505784,0.22554000000000002
5881,19.94584038316949,0.225
5882,19.953375711281137,0.22444
5883,19.960911039392787,0.2239
5884,19.96844636750443,0.22335000000000002
5885,19.975981695616078,0.22283
5886,19.983517023727728,0.22229
5887,19.99105235183937,0.22176
5888,19.998587679951026,0.22122999999999998
5889,20.00612300806268,0.22071
5890,20.013658336174327,0.22019
5891,20.02119366428597,0.21967
5892,20.02872899239762,0.21915
5893,20.036264320509268,0.21863
5894,20.04379964862091,0.21813
5895,20.051334976732566,0.21761
5896,20.058870304844216,0.2171
5897,20.06640563295586,0.21661
5898,20.07394096106751,0.21610000000000001
5899,20.08147628917916,0.2156
5900,20.089011617290808,0.2151
5901,20.09654694540245,0.21462
5902,20.104082273514106,0.21413000000000001
5903,20.111617601625763,0.21363
5904,20.1191529297374,0.21316
5905,20.12668825784905,0.21266
5906,20.134223585960697,0.21219000000000002
5907,20.141758914072344,0.21171
5908,20.149294242183995,0.21123
5909,20.156829570295645,0.21076999999999999
5910,20.16436489840729,0.21028000000000002
5911,20.17190022651894,0.20982
5912,20.17943555463059,0.20936000000000002
5913,20.186970882742237,0.20889
5914,20.194506210853888,0.20842
5915,20.20204153896553,0.20795
5916,20.209576867077185,0.20749
5917,20.21711219518883,0.20704
5918,20.22464752330048,0.20659
5919,20.23218285141213,0.20614
5920,20.239718179523774,0.20568999999999998
5921,20.247253507635428,0.20523999999999998
5922,20.254788835747075,0.20479000000000003
5923,20.262324163858718,0.20435999999999999
5924,20.269859491970372,0.20390999999999998
5925,20.27739482008202,0.20346999999999998
5926,20.284930148193673,0.20304
5927,20.292465476305317,0.2026
5928,20.300000804416964,0.20216999999999996
5929,20.30753613252861,0.20174999999999998
5930,20.315071460640254,0.20131000000000002
5931,20.32260678875191,0.20089
5932,20.33014211686356,0.20045
5933,20.337677444975203,0.20002999999999999
5934,20.34521277308685,0.19962
5935,20.352748101198504,0.19919
5936,20.360283429310147,0.19878
5937,20.3678187574218,0.19837
5938,20.37535408553345,0.19794
5939,20.3828894136451,0.19754
5940,20.390424741756746,0.19713
5941,20.397960069868397,0.19671999999999998
5942,20.405495397980047,0.19630999999999998
5943,20.413030726091687,0.19591
5944,20.420566054203338,0.19551000000000002
5945,20.42810138231499,0.1951
5946,20.435636710426632,0.19469999999999998
5947,20.443172038538282,0.19431
5948,20.450707366649933,0.19391
5949,20.458242694761573,0.19351
5950,20.465778022873227,0.19311999999999999
5951,20.473313350984878,0.19273
5952,20.480848679096532,0.19234
5953,20.48838400720817,0.19195
5954,20.495919335319826,0.19157
5955,20.503454663431476,0.19118999999999997
5956,20.51098999154312,0.19080999999999998
5957,20.518525319654763,0.19041999999999998
5958,20.526060647766414,0.19004000000000001
5959,20.533595975878058,0.18967
5960,20.54113130398971,0.18928
5961,20.54866663210136,0.18889
5962,20.55620196021301,0.18852000000000002
5963,20.563737288324656,0.18816
5964,20.571272616436307,0.18778
5965,20.57880794454796,0.18742
5966,20.5863432726596,0.18705
5967,20.59387860077125,0.18667999999999998
5968,20.601413928882906,0.18631999999999999
5969,20.60894925699455,0.18595000000000003
5970,20.6164845851062,0.18559000000000003
5971,20.624019913217847,0.18523000000000003
5972,20.63155524132949,0.18486999999999998
5973,20.63909056944114,0.18452000000000002
5974,20.646625897552788,0.18414999999999998
5975,20.654161225664435,0.18381
5976,20.661696553776085,0.18345999999999998
5977,20.669231881887733,0.18309
5978,20.676767209999387,0.18275000000000002
5979,20.68430253811103,0.18240000000000003
5980,20.69183786622268,0.18205
5981,20.699373194334328,0.18171
5982,20.70690852244597,0.18134999999999998
5983,20.714443850557625,0.18100999999999998
5984,20.72197917866928,0.18067
5985,20.729514506780923,0.18031999999999998
5986,20.73704983489257,0.17999
5987,20.74458516300422,0.17965
5988,20.752120491115864,0.17931
5989,20.75965581922752,0.17898
5990,20.767191147339165,0.17864
5991,20.774726475450816,0.17830999999999997
5992,20.78226180356246,0.17797
5993,20.78979713167411,0.17764
5994,20.79733245978576,0.17731999999999998
5995,20.804867787897404,0.17698
5996,20.81240311600905,0.17664999999999997
5997,20.8199384441207,0.17633000000000001
5998,20.827473772232352,0.17601
5999,20.835009100344,0.17568
6000,20.84254442845565,0.17536000000000002
6001,20.850079756567293,0.17504000000000003
6002,20.857615084678944,0.17471
6003,20.865150412790594,0.1744
6004,20.872685740902245,0.17408
6005,20.880221069013892,0.17375
6006,20.88775639712554,0.17345
6007,20.89529172523719,0.17312
6008,20.902827053348837,0.17281
6009,20.910362381460484,0.1725
6010,20.91789770957213,0.17218
6011,20.925433037683774,0.17187
6012,20.93296836579543,0.17156
6013,20.94050369390708,0.17125
6014,20.94803902201872,0.17094
6015,20.955574350130373,0.17063
6016,20.963109678242024,0.17032
6017,20.970645006353678,0.17003000000000001
6018,20.97818033446532,0.16973
6019,20.98571566257697,0.16942
6020,20.993250990688622,0.16912
6021,21.000786318800266,0.16883
6022,21.008321646911913,0.16852000000000003
6023,21.015856975023564,0.16821999999999998
6024,21.023392303135207,0.16793
6025,21.030927631246854,0.16762
6026,21.038462959358508,0.16732999999999998
6027,21.045998287470148,0.16704
6028,21.053533615581802,0.16674000000000003
6029,21.061068943693453,0.16645000000000001
6030,21.068604271805107,0.16617
6031,21.076139599916747,0.16586
6032,21.083674928028397,0.16558
6033,21.091210256140045,0.16529000000000002
6034,21.09874558425169,0.16499999999999998
6035,21.106280912363342,0.16471
6036,21.113816240474996,0.16443
6037,21.12135156858664,0.16414
6038,21.12888689669829,0.16387000000000002
6039,21.136422224809934,0.16359
6040,21.143957552921584,0.16329
6041,21.15149288103323,0.16301000000000002
6042,21.15902820914488,0.16274
6043,21.166563537256533,0.16244999999999998
6044,21.174098865368176,0.16218
6045,21.18163419347983,0.1619
6046,21.18916952159148,0.16163
6047,21.19670484970312,0.16135000000000002
6048,21.20424017781477,0.16108
6049,21.211775505926425,0.16079
6050,21.219310834038065,0.16053
6051,21.22684616214972,0.16026
6052,21.234381490261367,0.15997999999999998
6053,21.241916818373014,0.15971
6054,21.24945214648466,0.15943999999999997
6055,21.25698747459631,0.15917
6056,21.264522802707962,0.1589
6057,21.272058130819605,0.15864
6058,21.279593458931252,0.15836999999999998
6059,21.287128787042906,0.1581
6060,21.29466411515455,0.15783999999999998
6061,21.302199443266197,0.15757000000000002
6062,21.30973477137785,0.15731000000000003
6063,21.317270099489495,0.15706
6064,21.324805427601145,0.15678
6065,21.3323407557128,0.15652
6066,21.33987608382445,0.15625999999999998
6067,21.34741141193609,0.15600000000000003
6068,21.354946740047737,0.15574000000000002
6069,21.36248206815939,0.15549000000000002
6070,21.370017396271034,0.15522
6071,21.377552724382685,0.15497
6072,21.385088052494336,0.15472
6073,21.392623380605983,0.15446
6074,21.40015870871763,0.1542
6075,21.40769403682928,0.15396
6076,21.415229364940924,0.15369000000000002
6077,21.422764693052574,0.15344000000000002
6078,21.430300021164225,0.1532
6079,21.43783534927588,0.15296
6080,21.44537067738752,0.15269
6081,21.452906005499173,0.15245
6082,21.46044133361082,0.1522
6083,21.467976661722464,0.15195
6084,21.475511989834114,0.15171
6085,21.483047317945765,0.15146999999999997
6086,21.490582646057412,0.15121
6087,21.49811797416906,0.15097
6088,21.505653302280713,0.15073
6089,21.513188630392357,0.15048
6090,21.520723958504004,0.15023999999999998
6091,21.528259286615654,0.15
6092,21.535794614727305,0.14975
6093,21.54332994283895,0.14952
6094,21.550865270950602,0.14927999999999997
6095,21.558400599062253,0.14905
6096,21.56593592717389,0.14880000000000002
6097,21.57347125528555,0.14857
6098,21.581006583397194,0.14833
6099,21.58854191150884,0.14809
6100,21.59607723962049,0.14786
6101,21.60361256773214,0.14762999999999998
6102,21.611147895843786,0.14739000000000002
6103,21.618683223955436,0.14715
6104,21.626218552067083,0.14693
6105,21.633753880178734,0.14670000000000002
6106,21.641289208290377,0.14646
6107,21.648824536402024,0.14623
6108,21.65635986451368,0.146
6109,21.663895192625322,0.14576
6110,21.671430520736973,0.14554
6111,21.678965848848623,0.14532
6112,21.686501176960263,0.14507
6113,21.69403650507192,0.14485
6114,21.701571833183564,0.14463
6115,21.709107161295208,0.14441
6116,21.716642489406862,0.14417
6117,21.724177817518516,0.14395
6118,21.731713145630163,0.14373
6119,21.739248473741807,0.1435
6120,21.74678380185345,0.14328
6121,21.75431912996511,0.14306999999999997
6122,21.761854458076748,0.14283
6123,21.7693897861884,0.14261
6124,21.776925114300045,0.14239000000000002
6125,21.784460442411696,0.14217
6126,21.791995770523343,0.14194999999999997
6127,21.799531098635,0.14173
6128,21.80706642674664,0.14151999999999998
6129,21.814601754858288,0.14129000000000003
6130,21.82213708296994,0.14107
6131,21.829672411081596,0.14086
6132,21.83720773919324,0.14066
6133,21.844743067304886,0.14043
6134,21.852278395416537,0.14022
6135,21.85981372352818,0.13999999999999999
6136,21.867349051639827,0.13978
6137,21.87488437975148,0.13957999999999998
6138,21.882419707863125,0.13937
6139,21.889955035974776,0.13913999999999999
6140,21.897490364086426,0.13894
6141,21.90502569219807,0.13873
6142,21.91256102030972,0.13852
6143,21.920096348421374,0.13831
6144,21.927631676533018,0.1381
6145,21.935167004644665,0.1379
6146,21.94270233275632,0.13768
6147,21.950237660867966,0.13748
6148,21.957772988979613,0.13727
6149,21.96530831709126,0.13707
6150,21.972843645202907,0.13684999999999997
6151,21.98037897331455,0.13665
6152,21.9879143014262,0.13645
6153,21.99544962953785,0.13624
6154,22.0029849576495,0.13604
6155,22.010520285761146,0.13583
6156,22.0180556138728,0.13564
6157,22.025590941984447,0.13542
6158,22.03312627009609,0.13523
6159,22.040661598207745,0.13502999999999998
6160,22.048196926319395,0.13484
6161,22.05573225443104,0.13462000000000002
6162,22.063267582542693,0.13443000000000002
6163,22.07080291065434,0.13423000000000002
6164,22.078338238765983,0.13402999999999998
6165,22.085873566877638,0.13383
6166,22.093408894989285,0.13363
6167,22.100944223100935,0.13344
6168,22.10847955121258,0.13324
6169,22.116014879324233,0.13304000000000002
6170,22.12355020743588,0.13285
6171,22.131085535547523,0.13265
6172,22.13862086365917,0.13246
6173,22.146156191770825,0.13226
6174,22.153691519882468,0.13207
6175,22.161226847994122,0.13187000000000001
6176,22.168762176105773,0.13168
6177,22.176297504217416,0.13149
6178,22.183832832329067,0.1313
6179,22.191368160440717,0.1311
6180,22.198903488552364,0.13091
6181,22.206438816664008,0.13073
6182,22.213974144775662,0.13052999999999998
6183,22.221509472887305,0.13035
6184,22.229044800998956,0.13016
6185,22.236580129110603,0.12996
6186,22.24411545722225,0.12977
6187,22.251650785333897,0.12958
6188,22.259186113445548,0.12939
6189,22.2667214415572,0.12922
6190,22.274256769668842,0.12902
6191,22.28179209778049,0.12884
6192,22.289327425892143,0.12865000000000001
6193,22.296862754003797,0.12847
6194,22.30439808211544,0.12828
6195,22.311933410227084,0.1281
6196,22.31946873833874,0.12791
6197,22.32700406645038,0.12773
6198,22.33453939456203,0.12755
6199,22.342074722673683,0.12736
6200,22.349610050785326,0.12719
6201,22.357145378896977,0.127
6202,22.364680707008628,0.12682000000000002
6203,22.372216035120267,0.12664
6204,22.37975136323192,0.12646
6205,22.387286691343565,0.12627
6206,22.394822019455226,0.1261
6207,22.402357347566863,0.12592
6208,22.40989267567852,0.12575
6209,22.417428003790167,0.12556
6210,22.424963331901807,0.12539
6211,22.43249866001346,0.12521
6212,22.440033988125116,0.12504
6213,22.447569316236763,0.12485
6214,22.455104644348406,0.12468000000000001
6215,22.462639972460057,0.12451000000000001
6216,22.4701753005717,0.12433
6217,22.47771062868335,0.12415
6218,22.485245956795,0.12398
6219,22.49278128490665,0.12380000000000001
6220,22.500316613018292,0.12362999999999999
6221,22.507851941129946,0.12346
6222,22.5153872692416,0.12328
6223,22.52292259735324,0.12312000000000001
6224,22.53045792546489,0.12293
6225,22.53799325357654,0.12277
6226,22.545528581688185,0.1226
6227,22.55306390979984,0.12243
6228,22.560599237911486,0.12225
6229,22.56813456602313,0.12209
6230,22.57566989413478,0.12191
6231,22.583205222246427,0.12175
6232,22.590740550358078,0.12158
6233,22.598275878469725,0.12140999999999999
6234,22.60581120658137,0.12123999999999999
6235,22.613346534693022,0.12108
6236,22.62088186280467,0.1209
6237,22.62841719091632,0.12074
6238,22.635952519027967,0.12057
6239,22.64348784713961,0.12040999999999999
6240,22.651023175251265,0.12024
6241,22.65855850336291,0.12008
6242,22.66609383147456,0.11992
6243,22.67362915958621,0.11975
6244,22.68116448769786,0.11957000000000001
6245,22.688699815809514,0.11941000000000002
6246,22.696235143921157,0.11925000000000001
6247,22.703770472032804,0.11909
6248,22.711305800144448,0.11892
6249,22.718841128256102,0.11876999999999999
6250,22.72637645636775,0.11861
6251,22.7339117844794,0.11844999999999999
6252,22.741447112591047,0.11827000000000001
6253,22.74898244070269,0.11811
6254,22.756517768814344,0.11794
6255,22.764053096925988,0.11779
6256,22.771588425037642,0.11762
6257,22.77912375314929,0.11746000000000001
6258,22.786659081260943,0.11731000000000001
6259,22.794194409372587,0.11715
6260,22.801729737484237,0.11698
6261,22.809265065595888,0.11682999999999999
6262,22.81680039370753,0.11667
6263,22.824335721819182,0.11652
6264,22.83187104993083,0.11636
6265,22.83940637804247,0.11621
6266,22.846941706154126,0.11605
6267,22.85447703426577,0.1159
6268,22.862012362377413,0.11574000000000001
6269,22.869547690489068,0.11558
6270,22.877083018600718,0.11542000000000001
6271,22.88461834671237,0.11527
6272,22.892153674824012,0.11512
6273,22.899689002935663,0.11495
6274,22.907224331047317,0.11479999999999999
6275,22.91475965915896,0.11465
6276,22.922294987270607,0.11451
6277,22.92983031538225,0.11434
6278,22.9373656434939,0.11418999999999999
6279,22.94490097160555,0.11404
6280,22.952436299717203,0.11388999999999999
6281,22.95997162782885,0.11373000000000001
6282,22.967506955940493,0.11359
6283,22.975042284052147,0.11344
6284,22.9825776121638,0.11329
6285,22.99011294027544,0.11314
6286,22.99764826838709,0.11299000000000001
6287,23.005183596498746,0.11284000000000001
6288,23.012718924610386,0.11269
6289,23.02025425272204,0.11254000000000002
6290,23.027789580833694,0.11238
6291,23.035324908945327,0.11223999999999999
6292,23.04286023705698,0.11209
6293,23.05039556516863,0.11195
6294,23.057930893280272,0.11180000000000001
6295,23.06546622139193,0.11165
6296,23.073001549503573,0.11149999999999999
6297,23.080536877615234,0.11136
6298,23.08807220572687,0.11122
6299,23.09560753383852,0.11106
6300,23.10314286195017,0.11091000000000001
6301,23.110678190061808,0.11078
6302,23.118213518173466,0.11063
6303,23.12574884628512,0.11048999999999999
6304,23.133284174396763,0.11034
6305,23.14081950250841,0.11019
6306,23.14835483062006,0.11005999999999999
6307,23.15589015873171,0.1099
6308,23.16342548684336,0.10976
6309,23.17096081495501,0.10963
6310,23.178496143066653,0.10948
6311,23.186031471178303,0.10935
6312,23.19356679928995,0.10919
6313,23.2011021274016,0.10905000000000001
6314,23.208637455513248,0.10892
6315,23.21617278362489,0.10877
6316,23.223708111736546,0.10863
6317,23.23124343984819,0.10849
6318,23.23877876795984,0.10835000000000002
6319,23.246314096071487,0.10821
6320,23.25384942418314,0.10808000000000001
6321,23.261384752294784,0.10793
6322,23.26892008040643,0.10779999999999999
6323,23.276455408518085,0.10765999999999999
6324,23.28399073662973,0.10751
6325,23.29152606474138,0.10737000000000001
6326,23.29906139285303,0.10722
6327,23.306596720964674,0.10709
6328,23.314132049076324,0.10696
6329,23.321667377187968,0.10682
6330,23.329202705299622,0.10668
6331,23.33673803341127,0.10654
6332,23.344273361522923,0.10640999999999999
6333,23.35180868963457,0.10626999999999999
6334,23.35934401774621,0.10613
6335,23.366879345857864,0.106
6336,23.374414673969518,0.10586999999999999
6337,23.38195000208116,0.10573
6338,23.38948533019281,0.1056
6339,23.397020658304463,0.10546
6340,23.404555986416106,0.10532
6341,23.412091314527753,0.1052
6342,23.419626642639408,0.10506
6343,23.42716197075105,0.10492
6344,23.434697298862694,0.1048
6345,23.442232626974352,0.10466
6346,23.449767955086003,0.10453
6347,23.457303283197646,0.1044
6348,23.46483861130929,0.10425999999999999
6349,23.472373939420944,0.10413
6350,23.47990926753259,0.104
6351,23.48744459564424,0.10386999999999999
6352,23.49497992375589,0.10375
6353,23.502515251867532,0.1036
6354,23.510050579979183,0.10348
6355,23.517585908090833,0.10335
6356,23.525121236202477,0.10321999999999999
6357,23.532656564314127,0.10308
6358,23.540191892425774,0.10296000000000001
6359,23.54772722053743,0.10283
6360,23.555262548649072,0.1027
6361,23.562797876760715,0.10258
6362,23.57033320487237,0.10245
6363,23.577868532984013,0.10231
6364,23.58540386109567,0.10219
6365,23.59293918920732,0.10207
6366,23.600474517318958,0.10192999999999999
6367,23.608009845430608,0.10179999999999999
6368,23.615545173542266,0.10167999999999999
6369,23.623080501653906,0.10156
6370,23.63061582976556,0.10142999999999999
6371,23.63815115787721,0.1013
6372,23.645686485988854,0.10117000000000001
6373,23.653221814100498,0.10105
6374,23.660757142212148,0.10092999999999999
6375,23.668292470323802,0.1008
6376,23.67582779843545,0.10067
6377,23.683363126547093,0.10055
6378,23.69089845465875,0.10043
6379,23.69843378277039,0.1003
6380,23.705969110882037,0.10018
6381,23.71350443899369,0.10005
6382,23.721039767105328,0.09992999999999999
6383,23.728575095216986,0.09981
6384,23.736110423328643,0.09968
6385,23.74364575144029,0.09956
6386,23.75118107955193,0.09944
6387,23.758716407663577,0.09932
6388,23.76625173577523,0.0992
6389,23.773787063886875,0.09908
6390,23.781322391998525,0.09895000000000001
6391,23.78885772011018,0.09883
6392,23.796393048221823,0.09871
6393,23.80392837633347,0.09859000000000001
6394,23.811463704445117,0.09847
6395,23.818999032556768,0.09836
6396,23.82653436066841,0.09823000000000001
6397,23.834069688780065,0.09811000000000002
6398,23.84160501689172,0.09799000000000001
6399,23.849140345003363,0.09787000000000001
6400,23.85667567311501,0.09775
6401,23.864211001226657,0.09763
6402,23.871746329338304,0.09751
6403,23.87928165744995,0.0974
6404,23.886816985561605,0.09727999999999999
6405,23.89435231367325,0.09716999999999999
6406,23.901887641784896,0.09704
6407,23.90942296989655,0.09691
6408,23.916958298008193,0.09679
6409,23.924493626119844,0.09668
6410,23.932028954231487,0.09655999999999999
6411,23.939564282343145,0.09644
6412,23.94709961045479,0.09633
6413,23.954634938566443,0.09621
6414,23.96217026667809,0.09609999999999999
6415,23.96970559478973,0.09598999999999999
6416,23.977240922901387,0.09586
6417,23.984776251013034,0.09575
6418,23.992311579124678,0.09563999999999999
6419,23.99984690723633,0.09552
6420,24.007382235347983,0.09541000000000001
6421,24.014917563459626,0.09529
6422,24.022452891571273,0.09518
6423,24.029988219682927,0.09507
6424,24.03752354779457,0.09495
6425,24.045058875906214,0.09484
6426,24.052594204017872,0.09472000000000001
6427,24.060129532129523,0.09461000000000001
6428,24.06766486024116,0.0945
6429,24.07520018835281,0.09439
6430,24.082735516464467,0.09428
6431,24.09027084457611,0.09416000000000001
6432,24.097806172687758,0.09405
6433,24.10534150079941,0.09394
6434,24.11287682891105,0.09383
6435,24.120412157022706,0.09371999999999998
6436,24.127947485134353,0.0936
6437,24.135482813246004,0.09349
6438,24.14301814135765,0.09338
6439,24.150553469469294,0.09326999999999999
6440,24.158088797580948,0.09315999999999999
6441,24.16562412569259,0.09305000000000001
6442,24.17315945380424,0.09293000000000001
6443,24.18069478191589,0.09282
6444,24.188230110027536,0.09271
6445,24.19576543813919,0.09261000000000001
6446,24.203300766250837,0.0925
6447,24.210836094362488,0.09238
6448,24.218371422474128,0.09226999999999999
6449,24.225906750585786,0.09217000000000002
6450,24.233442078697433,0.09207
6451,24.240977406809076,0.09196
6452,24.24851273492073,0.09183999999999999
6453,24.256048063032374,0.09174
6454,24.263583391144017,0.09162999999999999
6455,24.27111871925567,0.09151999999999999
6456,24.27865404736732,0.09142
6457,24.28618937547897,0.0913
6458,24.293724703590613,0.09119
6459,24.30126003170227,0.09109
6460,24.308795359813924,0.09098
6461,24.316330687925557,0.09089
6462,24.32386601603721,0.09078
6463,24.331401344148865,0.09067
6464,24.338936672260505,0.09056
6465,24.346472000372163,0.09046000000000001
6466,24.35400732848381,0.09035
6467,24.36154265659545,0.09025
6468,24.369077984707104,0.09013
6469,24.37661331281875,0.09004
6470,24.384148640930395,0.08993
6471,24.39168396904205,0.08983
6472,24.399219297153696,0.08972999999999999
6473,24.406754625265346,0.08962
6474,24.41428995337699,0.08950999999999999
6475,24.421825281488644,0.08941
6476,24.42936060960029,0.08931
6477,24.43689593771193,0.08921
6478,24.444431265823585,0.08911000000000001
6479,24.451966593935236,0.08899
6480,24.45950192204688,0.08889
6481,24.46703725015853,0.08879000000000001
6482,24.474572578270177,0.0887
6483,24.482107906381827,0.08859
6484,24.489643234493474,0.08849
6485,24.497178562605125,0.08838000000000001
6486,24.504713890716772,0.08828000000000001
6487,24.51224921882842,0.08819000000000002
6488,24.51978454694007,0.08809
6489,24.527319875051717,0.08798
6490,24.53485520316336,0.08787
6491,24.54239053127501,0.08776999999999999
6492,24.549925859386665,0.08767
6493,24.55746118749831,0.08757999999999999
6494,24.56499651560996,0.08748
6495,24.57253184372161,0.08738
6496,24.58006717183325,0.08726
6497,24.587602499944907,0.08717
6498,24.595137828056554,0.08707000000000001
6499,24.602673156168205,0.08697
6500,24.610208484279852,0.08687000000000002
6501,24.6177438123915,0.08675999999999999
6502,24.62527914050315,0.08667
6503,24.632814468614797,0.08657
6504,24.640349796726447,0.08647
6505,24.64788512483809,0.08636999999999999
6506,24.655420452949734,0.08628999999999999
6507,24.66295578106139,0.08617999999999999
6508,24.67049110917304,0.08608
6509,24.67802643728468,0.08598
6510,24.68556176539633,0.08589000000000001
6511,24.693097093507987,0.08578999999999999
6512,24.700632421619634,0.0857
6513,24.708167749731285,0.08559
6514,24.71570307784293,0.0855
6515,24.72323840595458,0.08539999999999999
6516,24.73077373406623,0.08531
6517,24.738309062177873,0.08521000000000001
6518,24.74584439028952,0.08512
6519,24.75337971840117,0.08501000000000002
6520,24.760915046512817,0.08492
6521,24.768450374624468,0.08482
6522,24.77598570273611,0.08473
6523,24.783521030847766,0.08464
6524,24.79105635895941,0.08453
6525,24.798591687071067,0.08445
6526,24.80612701518271,0.08435
6527,24.813662343294357,0.08424999999999999
6528,24.82119767140601,0.08416
6529,24.82873299951765,0.08407
6530,24.836268327629305,0.08396999999999999
6531,24.843803655740953,0.08387
6532,24.8513389838526,0.08379
6533,24.85887431196425,0.08369
6534,24.866409640075894,0.08360000000000001
6535,24.873944968187537,0.08351
6536,24.88148029629919,0.08341
6537,24.88901562441084,0.08331000000000001
6538,24.89655095252249,0.08323
6539,24.904086280634136,0.08314
6540,24.911621608745786,0.08304
6541,24.919156936857444,0.08295
6542,24.926692264969077,0.08285
6543,24.93422759308073,0.08276
6544,24.941762921192378,0.08267
6545,24.94929824930402,0.08258
6546,24.95683357741568,0.08249
6547,24.96436890552733,0.08239999999999999
6548,24.97190423363897,0.0823
6549,24.97943956175062,0.08221
6550,24.98697488986227,0.08211999999999998
6551,24.994510217973925,0.08203999999999999
6552,25.00204554608557,0.08194
6553,25.009580874197216,0.08184999999999999
6554,25.017116202308866,0.08176
6555,25.024651530420513,0.08167
6556,25.03218685853216,0.08159000000000001
6557,25.03972218664381,0.08148999999999999
6558,25.04725751475545,0.0814
6559,25.05479284286711,0.08132
6560,25.06232817097876,0.08122000000000001
6561,25.0698634990904,0.08113000000000001
6562,25.077398827202053,0.08105000000000001
6563,25.084934155313697,0.08096
6564,25.09246948342535,0.08086
6565,25.100004811536994,0.08078
6566,25.10754013964864,0.08068
6567,25.115075467760292,0.0806
6568,25.12261079587194,0.08050999999999998
6569,25.13014612398359,0.08041999999999999
6570,25.137681452095237,0.08034
6571,25.145216780206887,0.08025
6572,25.15275210831853,0.08015
6573,25.16028743643018,0.08007
6574,25.167822764541825,0.07998
6575,25.17535809265348,0.0799
6576,25.18289342076513,0.07980999999999999
6577,25.19042874887678,0.07972
6578,25.197964076988427,0.07964
6579,25.205499405100074,0.07955
6580,25.213034733211728,0.07947
6581,25.22057006132337,0.07938
6582,25.22810538943502,0.07929
6583,25.235640717546673,0.07921
6584,25.243176045658316,0.07912000000000001
6585,25.250711373769967,0.07904000000000001
6586,25.25824670188161,0.07895
6587,25.265782029993268,0.07885999999999999
6588,25.27331735810491,0.07877999999999999
6589,25.28085268621656,0.07869
6590,25.288388014328213,0.07862000000000001
6591,25.295923342439853,0.07852
6592,25.303458670551507,0.07844000000000001
6593,25.310993998663157,0.07834999999999999
6594,25.3185293267748,0.07826999999999999
6595,25.32606465488645,0.07818
6596,25.3335999829981,0.07809
6597,25.34113531110975,0.07801000000000001
6598,25.348670639221396,0.07792
6599,25.356205967333047,0.07783999999999999
6600,25.363741295444694,0.07776000000000001
6601,25.371276623556337,0.07767
6602,25.378811951667984,0.07759
6603,25.38634727977964,0.07751000000000001
6604,25.393882607891282,0.07742
6605,25.401417936002932,0.07733999999999999
6606,25.408953264114587,0.07726
6607,25.41648859222623,0.07716999999999999
6608,25.424023920337877,0.07709999999999999
6609,25.43155924844953,0.07701
6610,25.43909457656117,0.07691999999999999
6611,25.446629904672818,0.07683999999999999
6612,25.454165232784465,0.07676
6613,25.461700560896126,0.07668
6614,25.46923588900777,0.0766
6615,25.476771217119413,0.07652
6616,25.48430654523107,0.07644000000000001
6617,25.49184187334271,0.07636000000000001
6618,25.499377201454358,0.07627
6619,25.506912529566012,0.0762
6620,25.514447857677656,0.07611
6621,25.521983185789303,0.07604
6622,25.52951851390096,0.07595
6623,25.5370538420126,0.07587
6624,25.54458917012425,0.07579
6625,25.552124498235898,0.0757
6626,25.559659826347552,0.07563
6627,25.5671951544592,0.07555
6628,25.574730482570853,0.07547000000000001
6629,25.582265810682497,0.07539000000000001
6630,25.58980113879414,0.07531
6631,25.59733646690579,0.07522
6632,25.60487179501744,0.07515
6633,25.612407123129085,0.07507
6634,25.619942451240732,0.075
6635,25.62747777935239,0.07491
6636,25.635013107464033,0.07483000000000001
6637,25.64254843557568,0.07475000000000001
6638,25.65008376368733,0.07468000000000001
6639,25.65761909179898,0.0746
6640,25.665154419910625,0.07452
6641,25.672689748022275,0.07444
6642,25.68022507613393,0.07437
6643,25.687760404245573,0.07428000000000001
6644,25.69529573235722,0.07421000000000001
6645,25.70283106046887,0.07413
6646,25.710366388580518,0.07406
6647,25.717901716692165,0.07397000000000001
6648,25.72543704480381,0.07390000000000001
6649,25.73297237291546,0.07382000000000001
6650,25.740507701027106,0.07374
6651,25.74804302913876,0.07366
6652,25.75557835725041,0.07359
6653,25.763113685362054,0.07350999999999999
6654,25.7706490134737,0.07343999999999999
6655,25.778184341585355,0.07336
6656,25.785719669697,0.07328
6657,25.793254997808646,0.07321
6658,25.8007903259203,0.07313
6659,25.808325654031943,0.07306
6660,25.815860982143594,0.07297999999999999
6661,25.823396310255244,0.07290999999999999
6662,25.83093163836689,0.07282999999999999
6663,25.83846696647854,0.07275
6664,25.846002294590193,0.07267
6665,25.85353762270184,0.0726
6666,25.861072950813483,0.07252
6667,25.868608278925127,0.07245
6668,25.876143607036788,0.07238
6669,25.88367893514843,0.07231
6670,25.89121426326008,0.07222
6671,25.898749591371732,0.07215
6672,25.906284919483372,0.07208
6673,25.913820247595023,0.07200000000000001
6674,25.921355575706677,0.07193000000000001
6675,25.92889090381832,0.07186000000000001
6676,25.93642623192997,0.07178999999999999
6677,25.943961560041622,0.07169999999999999
6678,25.951496888153272,0.07163
6679,25.959032216264912,0.07155
6680,25.966567544376563,0.07149
6681,25.974102872488213,0.07142
6682,25.981638200599857,0.07134
6683,25.98917352871151,0.07127
6684,25.996708856823158,0.07118999999999999
6685,26.0042441849348,0.07111999999999999
6686,26.011779513046452,0.07103999999999999
6687,26.019314841158103,0.07098
6688,26.026850169269746,0.0709
6689,26.034385497381397,0.07083
6690,26.04192082549305,0.07077
6691,26.049456153604694,0.07068
6692,26.05699148171634,0.07061
6693,26.064526809827992,0.07054
6694,26.072062137939643,0.07047
6695,26.079597466051286,0.07039000000000001
6696,26.087132794162933,0.07033
6697,26.09466812227459,0.07026
6698,26.102203450386227,0.07017999999999999
6699,26.109738778497878,0.07010999999999999
6700,26.117274106609532,0.07002999999999998
6701,26.124809434721175,0.06996999999999999
6702,26.132344762832822,0.06989
6703,26.13988009094448,0.06982999999999999
6704,26.14741541905613,0.06975999999999999
6705,26.154950747167767,0.06967000000000001
6706,26.16248607527942,0.06960000000000001
6707,26.170021403391072,0.06953000000000001
6708,26.177556731502715,0.06946000000000001
6709,26.185092059614373,0.0694
6710,26.192627387726017,0.06931999999999999
6711,26.20016271583766,0.06926
6712,26.207698043949307,0.06918
6713,26.21523337206096,0.06911
6714,26.22276870017261,0.06905
6715,26.230304028284248,0.06897
6716,26.237839356395906,0.06891000000000001
6717,26.24537468450756,0.06883
6718,26.2529100126192,0.06877
6719,26.260445340730854,0.06871
6720,26.2679806688425,0.06861999999999999
6721,26.275515996954145,0.06856
6722,26.2830513250658,0.06848
6723,26.290586653177446,0.06842
6724,26.298121981289093,0.06835999999999999
6725,26.30565730940074,0.06828
6726,26.313192637512394,0.06822
6727,26.320727965624037,0.06813999999999999
6728,26.328263293735684,0.06806999999999999
6729,26.335798621847328,0.06801
6730,26.343333949958982,0.06794
6731,26.350869278070633,0.06788
6732,26.35840460618228,0.0678
6733,26.365939934293927,0.06774000000000001
6734,26.37347526240557,0.06768
6735,26.381010590517224,0.0676
6736,26.388545918628875,0.06753
6737,26.39608124674052,0.06746
6738,26.403616574852173,0.0674
6739,26.41115190296382,0.06734
6740,26.418687231075467,0.06727000000000001
6741,26.426222559187114,0.06720000000000001
6742,26.433757887298764,0.06713000000000001
6743,26.441293215410408,0.06706000000000001
6744,26.44882854352206,0.06700000000000002
6745,26.456363871633712,0.06693
6746,26.46389919974536,0.06687
6747,26.471434527857003,0.0668
6748,26.478969855968646,0.06673000000000001
6749,26.486505184080304,0.06667000000000001
6750,26.494040512191948,0.06659999999999999
6751,26.5015758403036,0.06653
6752,26.509111168415252,0.06647
6753,26.5166464965269,0.06641
6754,26.524181824638546,0.06634000000000001
6755,26.531717152750197,0.06628
6756,26.539252480861844,0.06620999999999999
6757,26.546787808973487,0.06613999999999999
6758,26.554323137085138,0.06608
6759,26.561858465196792,0.06601
6760,26.56939379330843,0.06595
6761,26.576929121420086,0.06589
6762,26.584464449531733,0.06582
6763,26.591999777643377,0.06576
6764,26.599535105755034,0.0657
6765,26.60707043386668,0.06562
6766,26.614605761978325,0.06556
6767,26.62214109008997,0.06549999999999999
6768,26.629676418201623,0.06543
6769,26.637211746313273,0.06537
6770,26.64474707442492,0.0653
6771,26.652282402536567,0.06524
6772,26.659817730648218,0.06518
6773,26.66735305875986,0.0651
6774,26.67488838687151,0.06504
6775,26.68242371498316,0.06498000000000001
6776,26.689959043094806,0.06491
6777,26.697494371206457,0.06485999999999999
6778,26.705029699318107,0.0648
6779,26.71256502742976,0.06473
6780,26.720100355541398,0.06466999999999999
6781,26.727635683653048,0.0646
6782,26.735171011764702,0.06453
6783,26.742706339876342,0.06448000000000001
6784,26.750241667988,0.06442
6785,26.757776996099647,0.06434999999999999
6786,26.765312324211287,0.06429
6787,26.77284765232294,0.06423
6788,26.780382980434588,0.06417
6789,26.78791830854623,0.0641
6790,26.795453636657893,0.06404
6791,26.802988964769536,0.06397
6792,26.810524292881194,0.06392
6793,26.818059620992827,0.06386
6794,26.82559494910448,0.06379
6795,26.833130277216128,0.06373000000000001
6796,26.840665605327768,0.06368
6797,26.848200933439426,0.0636
6798,26.85573626155108,0.06354
6799,26.86327158966272,0.06348999999999999
6800,26.870806917774374,0.06342
6801,26.87834224588602,0.06336
6802,26.885877573997664,0.06331
6803,26.89341290210932,0.06324
6804,26.900948230220965,0.06318
6805,26.908483558332616,0.06312
6806,26.916018886444263,0.06305000000000001
6807,26.923554214555914,0.06299
6808,26.93108954266756,0.06294000000000001
6809,26.938624870779204,0.06288
6810,26.94616019889085,0.06281
6811,26.953695527002505,0.06276
6812,26.96123085511415,0.0627
6813,26.9687661832258,0.06262999999999999
6814,26.976301511337446,0.06257
6815,26.98383683944909,0.06251999999999999
6816,26.991372167560744,0.06245
6817,26.99890749567239,0.062389999999999994
6818,27.006442823784045,0.06234
6819,27.01397815189569,0.06227
6820,27.02151348000734,0.062220000000000004
6821,27.029048808118986,0.06215
6822,27.036584136230637,0.06208999999999999
6823,27.044119464342284,0.062029999999999995
6824,27.051654792453927,0.06197999999999999
6825,27.059190120565578,0.061919999999999996
6826,27.06672544867723,0.06186
6827,27.07426077678888,0.0618
6828,27.081796104900523,0.06175
6829,27.08933143301217,0.06167
6830,27.096866761123824,0.06161
6831,27.104402089235478,0.06156
6832,27.11193741734712,0.06149
6833,27.11947274545877,0.06144
6834,27.127008073570423,0.061380000000000004
6835,27.134543401682066,0.06133
6836,27.142078729793717,0.06127
6837,27.149614057905364,0.061200000000000004
6838,27.157149386017014,0.06115
6839,27.164684714128658,0.061079999999999995
6840,27.17222004224031,0.06103
6841,27.17975537035195,0.06098
6842,27.187290698463602,0.060919999999999995
6843,27.19482602657525,0.060860000000000004
6844,27.202361354686904,0.06081
6845,27.209896682798554,0.060750000000000005
6846,27.2174320109102,0.06068
6847,27.22496733902185,0.060629999999999996
6848,27.232502667133488,0.06057
6849,27.240037995245146,0.06052
6850,27.247573323356796,0.06046
6851,27.25510865146844,0.0604
6852,27.262643979580087,0.06035
6853,27.270179307691738,0.060289999999999996
6854,27.277714635803388,0.06023
6855,27.28524996391503,0.06017
6856,27.292785292026682,0.06012
6857,27.30032062013833,0.06006
6858,27.307855948249973,0.06001000000000001
6859,27.315391276361627,0.05995
6860,27.32292660447328,0.05989
6861,27.33046193258492,0.059840000000000004
6862,27.337997260696568,0.05979
6863,27.345532588808226,0.059719999999999995
6864,27.353067916919866,0.059660000000000005
6865,27.36060324503152,0.05961
6866,27.368138573143174,0.05956
6867,27.375673901254817,0.0595
6868,27.38320922936646,0.05945
6869,27.390744557478108,0.05939
6870,27.398279885589762,0.05934
6871,27.405815213701405,0.05927
6872,27.413350541813053,0.05922
6873,27.420885869924714,0.05917
6874,27.42842119803635,0.05912
6875,27.435956526148,0.05906
6876,27.443491854259648,0.059000000000000004
6877,27.451027182371288,0.05895
6878,27.458562510482945,0.05889
6879,27.466097838594603,0.05884
6880,27.473633166706254,0.05878
6881,27.48116849481789,0.05873
6882,27.48870382292954,0.05867
6883,27.496239151041195,0.05862
6884,27.50377447915284,0.058570000000000004
6885,27.511309807264485,0.05852
6886,27.51884513537614,0.05846
6887,27.526380463487783,0.05841
6888,27.53391579159943,0.05836
6889,27.54145111971108,0.0583
6890,27.548986447822728,0.05824
6891,27.55652177593437,0.05819
6892,27.564057104046025,0.05814
6893,27.57159243215768,0.05809
6894,27.579127760269323,0.05803
6895,27.58666308838097,0.05798
6896,27.59419841649262,0.057929999999999995
6897,27.601733744604264,0.057879999999999994
6898,27.60926907271591,0.05781
6899,27.616804400827565,0.057760000000000006
6900,27.62433972893921,0.05771
6901,27.63187505705086,0.05766
6902,27.63941038516251,0.0576
6903,27.646945713274153,0.057550000000000004
6904,27.654481041385804,0.0575
6905,27.662016369497447,0.05745
6906,27.669551697609105,0.05739
6907,27.67708702572075,0.05732999999999999
6908,27.6846223538324,0.05728
6909,27.69215768194405,0.05723999999999999
6910,27.69969301005569,0.05718
6911,27.707228338167344,0.05713
6912,27.714763666278998,0.05708
6913,27.72229899439064,0.05703
6914,27.72983432250229,0.05696999999999999
6915,27.737369650613942,0.05692
6916,27.744904978725586,0.05687
6917,27.752440306837233,0.05682
6918,27.759975634948887,0.056760000000000005
6919,27.76751096306053,0.05671
6920,27.775046291172174,0.05666
6921,27.782581619283828,0.05661
6922,27.790116947395482,0.05656
6923,27.797652275507122,0.05651
6924,27.80518760361877,0.05646
6925,27.812722931730427,0.0564
6926,27.82025825984207,0.05634
6927,27.82779358795372,0.0563
6928,27.835328916065375,0.05625
6929,27.84286424417701,0.0562
6930,27.850399572288666,0.056139999999999995
6931,27.857934900400313,0.0561
6932,27.865470228511963,0.056049999999999996
6933,27.87300555662361,0.056
6934,27.880540884735254,0.055940000000000004
6935,27.888076212846908,0.05589
6936,27.89561154095855,0.05584
6937,27.903146869070202,0.05579
6938,27.91068219718185,0.05575
6939,28.08399474374977,0.0546
6940,28.09153007186141,0.05455
6941,28.09906539997306,0.0545
6942,28.10660072808471,0.05445
6943,28.114136056196354,0.054400000000000004
6944,28.121671384308005,0.05435
6945,28.12920671241966,0.054310000000000004
6946,28.136742040531303,0.05426
6947,28.14427736864295,0.054220000000000004
6948,28.151812696754604,0.05416
6949,28.15934802486625,0.05412
6950,28.16688335297789,0.05405
6951,28.17441868108955,0.05401
6952,28.1819540092012,0.05396
6953,28.189489337312843,0.05391
6954,28.19702466542449,0.05386
6955,28.20455999353614,0.05382
6956,28.212095321647787,0.05377
6957,28.219630649759434,0.053720000000000004
6958,28.227165977871085,0.05368
6959,28.234701305982732,0.053630000000000004
6960,28.242236634094375,0.053579999999999996
6961,28.24977196220603,0.05353
6962,28.25730729031768,0.05347999999999999
6963,28.264842618429324,0.05343
6964,28.27237794654097,0.05338999999999999
6965,28.279913274652625,0.053349999999999995
6966,28.287448602764268,0.05329999999999999
6967,28.294983930875922,0.05325
6968,28.30251925898757,0.0532
6969,28.31005458709921,0.05315
6970,28.317589915210863,0.053110000000000004
6971,28.325125243322514,0.05306
6972,28.332660571434165,0.05301
6973,28.340195899545808,0.05297
6974,28.347731227657462,0.05292
6975,28.35526655576911,0.05288
6976,28.362801883880753,0.05283
6977,28.370337211992407,0.05278000000000001
6978,28.37787254010405,0.05274
6979,28.385407868215694,0.052680000000000005
6980,28.39294319632735,0.05264
6981,28.400478524439002,0.0526
6982,28.40801385255064,0.05255
6983,28.41554918066229,0.0525
6984,28.423084508773947,0.05246
6985,28.430619836885594,0.05242
6986,28.43815516499724,0.05237
6987,28.44569049310889,0.052320000000000005
6988,28.453225821220542,0.05228
6989,28.460761149332185,0.05222
6990,28.46829647744384,0.052180000000000004
6991,28.475831805555487,0.052140000000000006
6992,28.48336713366713,0.052090000000000004
6993,28.490902461778774,0.05204
6994,28.498437789890428,0.052000000000000005
6995,28.50597311800207,0.051960000000000006
6996,28.51350844611372,0.05192
6997,28.521043774225372,0.05187
6998,28.528579102337023,0.05182
6999,28.536114430448666,0.05177
7000,28.54364975856032,0.05173
7001,28.551185086671968,0.05169
7002,28.55872041478361,0.05163
7003,28.566255742895258,0.051590000000000004
7004,28.57379107100691,0.05155
7005,28.581326399118556,0.05151
7006,28.58886172723021,0.05147
7007,28.596397055341853,0.05142
7008,28.603932383453497,0.05137
7009,28.611467711565147,0.05133
7010,28.619003039676798,0.05127999999999999
7011,28.62653836778845,0.051239999999999994
7012,28.634073695900092,0.051199999999999996
7013,28.641609024011746,0.05115
7014,28.6491443521234,0.051100000000000007
7015,28.656679680235037,0.05106000000000001
7016,28.66421500834669,0.051019999999999996
7017,28.671750336458338,0.05098
7018,28.679285664569985,0.050929999999999996
7019,28.686820992681643,0.05089
7020,28.69435632079329,0.050839999999999996
7021,28.70189164890493,0.0508
7022,28.709426977016577,0.050749999999999997
7023,28.71696230512823,0.0507
7024,28.72449763323988,0.050660000000000004
7025,28.732032961351525,0.050620000000000005
7026,28.739568289463172,0.05058
7027,28.747103617574826,0.05054
7028,28.75463894568647,0.0505
7029,28.762174273798124,0.05045
7030,28.76970960190977,0.0504
7031,28.77724493002141,0.050359999999999995
7032,28.78478025813307,0.05032
7033,28.792315586244715,0.05028
7034,28.79985091435636,0.050230000000000004
7035,28.807386242468013,0.05019
7036,28.814921570579664,0.05015
7037,28.82245689869131,0.05011
7038,28.829992226802954,0.05007
7039,28.837527554914605,0.05003
7040,28.84506288302625,0.04998
7041,28.8525982111379,0.04993
7042,28.86013353924955,0.049890000000000004
7043,28.867668867361196,0.04985
7044,28.875204195472847,0.04981
7045,28.88273952358449,0.04977
7046,28.890274851696145,0.04972
7047,28.897810179807788,0.04968
7048,28.90534550791944,0.04964
7049,28.91288083603109,0.0496
7050,28.920416164142736,0.04956
7051,28.927951492254387,0.0495
7052,28.935486820366034,0.04946
7053,28.943022148477684,0.04942
7054,28.950557476589328,0.04938
7055,28.95809280470098,0.04934
7056,28.96562813281263,0.0493
7057,28.973163460924273,0.049249999999999995
7058,28.980698789035927,0.04921
7059,28.98823411714757,0.049179999999999995
7060,28.995769445259214,0.049139999999999996
7061,29.00330477337087,0.0491
7062,29.01084010148252,0.04905
7063,29.018375429594172,0.049
7064,29.02591075770581,0.048960000000000004
7065,29.033446085817467,0.048920000000000005
7066,29.040981413929114,0.04888000000000001
7067,29.048516742040764,0.04884
7068,29.05605207015241,0.048810000000000006
7069,29.063587398264062,0.04876
7070,29.071122726375698,0.04872
7071,29.078658054487352,0.04868
7072,29.086193382599006,0.04864
7073,29.09372871071065,0.04859
7074,29.101264038822297,0.048549999999999996
7075,29.10879936693395,0.048510000000000005
7076,29.1163346950456,0.04847
7077,29.123870023157238,0.04843
7078,29.131405351268892,0.04839
7079,29.138940679380546,0.048350000000000004
7080,29.146476007492186,0.04832
7081,29.154011335603837,0.04827
7082,29.161546663715487,0.04823
7083,29.16908199182713,0.04819
7084,29.176617319938778,0.04814
7085,29.18415264805043,0.04811
7086,29.191687976162076,0.04807
7087,29.19922330427373,0.04802000000000001
7088,29.206758632385373,0.04798000000000001
7089,29.21429396049703,0.047939999999999997
7090,29.22182928860867,0.04791000000000001
7091,29.229364616720318,0.04787000000000001
7092,29.23689994483197,0.04783
7093,29.244435272943612,0.04779
7094,29.251970601055266,0.04775
7095,29.259505929166924,0.0477
7096,29.267041257278557,0.04766
7097,29.27457658539021,0.04762
7098,29.282111913501858,0.04759
7099,29.2896472416135,0.04755
7100,29.297182569725155,0.0475
7101,29.30471789783681,0.04747
7102,29.312253225948453,0.04743
7103,29.3197885540601,0.047389999999999995
7104,29.32732388217175,0.04736
7105,29.334859210283398,0.047319999999999994
7106,29.342394538395048,0.047259999999999996
7107,29.34992986650669,0.04722
7108,29.357465194618346,0.047189999999999996
7109,29.36500052272999,0.04715
7110,29.37253585084164,0.04711
7111,29.38007117895329,0.04708
7112,29.387606507064945,0.04704
7113,29.395141835176588,0.04698
7114,29.402677163288235,0.04695
7115,29.41021249139989,0.04691
7116,29.417747819511533,0.04687
7117,29.42528314762318,0.04684
7118,29.43281847573483,0.04679
7119,29.440353803846477,0.046759999999999996
7120,29.447889131958128,0.04671
7121,29.45542446006977,0.04667
7122,29.462959788181426,0.04664
7123,29.47049511629307,0.0466
7124,29.478030444404716,0.04657
7125,29.48556577251637,0.04653
7126,29.493101100628014,0.046479999999999994
7127,29.50063642873966,0.04645
7128,29.508171756851315,0.04641
7129,29.51570708496296,0.04637
7130,29.52324241307461,0.04633
7131,29.53077774118626,0.04629
7132,29.538313069297907,0.04626
7133,29.545848397409554,0.04621
7134,29.5533837255212,0.046180000000000006
7135,29.56091905363285,0.04614000000000001
7136,29.5684543817445,0.046110000000000005
7137,29.57598970985615,0.04607000000000001
7138,29.5835250379678,0.04603
7139,29.591060366079446,0.046000000000000006
7140,29.59859569419109,0.045950000000000005
7141,29.606131022302748,0.04591
7142,29.61366635041439,0.04587
7143,29.621201678526038,0.04584
7144,29.628737006637692,0.0458
7145,29.636272334749325,0.04577
7146,29.643807662860986,0.04573
7147,29.651342990972637,0.045689999999999995
7148,29.65887831908428,0.045649999999999996
7149,29.66641364719593,0.045619999999999994
7150,29.673948975307574,0.045579999999999996
7151,29.681484303419232,0.04554999999999999
7152,29.689019631530872,0.045509999999999995
7153,29.696554959642526,0.04547
7154,29.704090287754173,0.04542
7155,29.711625615865817,0.04539
7156,29.71916094397747,0.04535
7157,29.726696272089118,0.045320000000000006
7158,29.73423160020076,0.04528
7159,29.741766928312412,0.045250000000000005
7160,29.749302256424066,0.04522
7161,29.756837584535702,0.04517
7162,29.76437291264736,0.04514
7163,29.77190824075901,0.0451
7164,29.779443568870654,0.045059999999999996
7165,29.7869788969823,0.04502
7166,29.794514225093952,0.044989999999999995
7167,29.8020495532056,0.04495
7168,29.80958488131725,0.04491
7169,29.817120209428897,0.04488
7170,29.82465553754055,0.04484
7171,29.83219086565219,0.04481
7172,29.839726193763838,0.044770000000000004
7173,29.847261521875485,0.04474
7174,29.85479684998713,0.04471
7175,29.862332178098782,0.04467
7176,29.86986750621044,0.04462
7177,29.87740283432209,0.04458
7178,29.88493816243373,0.04455
7179,29.892473490545378,0.044520000000000004
7180,29.90000881865703,0.04448
7181,29.907544146768675,0.04445
7182,29.91507947488033,0.04442
7183,29.922614802991976,0.04437000000000001
7184,29.93015013110362,0.044340000000000004
7185,29.93768545921527,0.04431
7186,29.94522078732692,0.044270000000000004
7187,29.952756115438568,0.04424000000000001
7188,29.96029144355021,0.0442
7189,29.967826771661862,0.044160000000000005
7190,29.97536209977352,0.04413
7191,29.98289742788516,0.04408
7192,29.99043275599681,0.04405
7193,29.99796808410846,0.04402
7194,30.005503412220108,0.04399
7195,30.013038740331755,0.043949999999999996
7196,30.02057406844341,0.04392
